RRT	Group	Class	Exclude	MF	VOC	Year	3-2378_191101_40_1_c.CDF	4-2379_191101_41_2_h.CDF	5-2381_191101_43_4_hxn.CDF	6-2382_191101_44_5_h.CDF	7-2383_191101_45_6_n.CDF	8-2384_191101_46_7_hxn.CDF	9-2385_191101_47_8_h.CDF	10-2386_191101_48_9_n.CDF	11-2387_191101_49_11_n.CDF	12-2389_191101_51_19_c.CDF	13-2390_191101_52_blank_1.CDF	14-2391_191101_53_1_c.CDF	15-2392_191101_54_2_h.CDF	16-2393_191101_55_3_hxn.CDF	17-2394_191101_56_4_hxn.CDF	18-2395_191101_57_5_h.CDF	19-2396_191101_58_6_n.CDF	20-2397_191101_59_7_hxn.CDF	23-2403_191101_61_9_n.CDF	24-2404_191101_62_11_n.CDF	25-2406_191101_64_19_c.CDF	26-2407_191101_65_blank_1.CDF	27-2408_191101_66_C_1.CDF	28-2409_191101_67_C_2.CDF	29-2410_191101_68_C_3.CDF	30-2411_191101_69_LN_1.CDF	31-2412_191101_70_LN_2.CDF	32-2414_191101_72_blank.CDF	33-2415_191101_73_C_1.CDF	34-2416_191101_74_C_2.CDF	35-2417_191101_75_C_3.CDF	36-2418_191101_76_LN_1.CDF	37-2419_191101_77_LN_2.CDF	38-2420_191101_78_LN_3.CDF	39-2421_191101_79_blank.CDF	44-2500_191104_50_12_c.CDF	45-2502_191104_63_12_c.CDF	46-2503_191104_71_LN_3.CDF	47-2554_191108_60_8_h.CDF	48-2556_191108_42_3_hxn.CDF
0.209	OTHER	sulfo	Y	O2S	sulfur dioxide	2019	5.805354346	5.183321141	4.89691859	5.864677372	4.336363306	4.483436163	4.209373758	4.474208384	5.274758656	8.313102158	8.641149921	4.650958736	5.718758393	6.97439971	6.253675913	6.664394777	8.139553573	4.811707198	5.826557242	4.445704573	8.995177615	5.758477656	8.026638581	5.209526282	5.778055559	6.824741029	6.95535205	5.687178463	4.071615952	6.181003675	5.555464776	5.660333231	5.241488867	4.214506298	7.159236349	3.568452229	2.369328976	3.01220942	4.812349092	4.163711655
0.218	OVOC	aldehyde	Y	C3H4O	2-propenal	2019	3.323261945	3.81595827	3.620230301	3.140518434	5.461825834	3.234721218	3.117970352	4.750460133	4.443492582	6.615061534	5.008758455	5.63692318	5.192043516	4.163353071	3.375603663	5.178144577	2.181890819	5.088609977	2.483057131	2.53918333	3.201009635	2.586277127	4.193569419	4.631413543	3.863339261	7.153306342	3.461732431	2.706314567	3.643400337	5.245790732	2.876502868	3.551506188	3.806080881	2.891072074	4.130757245	1.906550865	1.611571085	2.525847948	2.079646386	2.166000787
0.22	OVOC	ovoc	Y	C3H6O	propylene oxide	2019	2.934836093	1.724492985	2.142707939	2.807231665	3.368954018	2.164169353	2.37242005	2.058197061	3.129785509	3.655135637	4.007534116	2.409103191	2.05459922	3.853652601	4.82511792	3.310538938	5.876320714	3.024699468	2.939372853	3.406638775	3.673756499	5.442339152	3.030167561	2.956064898	2.341326709	4.181875528	2.384210476	3.203642602	2.742500801	3.840292401	3.172294681	2.196254041	2.175521569	2.018481899	3.798793707	3.648287733	3.718606872	3.391552891	4.088389461	5.052844168
0.228	ISO	isoprene		C5H8	isoprene	2019	6.409464704	6.230791529	5.394649507	5.945604396	4.697152174	6.103783343	9.586277695	7.579712145	10.0548904	1.105924361	8.226421325	0.308796032	0.242808753	0.249032612	0.370315662	0.404168199	0.540261665	0.453625958	0.265415342	0.323450658	0.49488136	0.454749164	1.474098354	0.906781035	0.90706977	1.376081395	1.035842142	1.751124958	0.29853398	0.382631164	0.250036526	0.255750488	0.360257216	0.319309656	0.491875644	1.159573806	0.251815783	0.367886649	0.529741643	5.299145352
0.246	OTHER	sulfo	Y		sulfo	2019	1.76636064	0.506019449	1.10933196	1.439508908	0.420434413	0.43444507	0.730638124	0.247611692	0.921399914	1.051625103	1.009266534	0.261530922	0.641544786	0.939662774	1.76361028	0.841409692	0.846929984	1.481319142	0.859360805	0.76632341	0.112334456	2.356327338	2.060750327	0.670554573	0.757875515	2.91770558	0.99618314	0.66893266	1.688109457	1.328926359	1.391028111	1.534821796	0.593153217	0.434871415	2.915246902	0.817448334	0.90489952	0.78454759	1.342148265	2.3841285
0.255	OTHER	other	Y		other	2019	0.160721393	0.154891873	0.14545799	0.140999655	0.16266419	0.205752039	0.117508374	0.221263495	0.127902494	0.334163408	0.346105359	0.205963904	0.17275939	0.261917449	0.246106145	0.137641884	0.295353818	0.116325378	0.158745343	0.120745145	0.358224627	0.192713094	0.285002772	0.191462536	0.268836883	0.338553337	0.226926755	0.227783149	0.196550411	0.210084466	0.166305818	0.237732688	0.196610511	0.163769686	0.216238609	0.154138712	0.070775894	0.116176754	0.098542335	0.154249551
0.258	OVOC	alcohol	Y	C3H8O	1-propanol	2019	0.286141496	0.078582446	0.052743428	0.078893981	0.084823006	0.05290814	0.062013613	0.057663998	0.673193712	0.079352699	0.140813105	0.092155332	0.121300844	8.144505872	0.140562282	0.122700705	0.176065915	0.078442056	0.052787439	0.085437487	0.073597347	0.110694405	0.126303853	0.091038349	0.093076945	0.092483338	0.094748378	0.176254698	0.116518112	0.153144991	0.103001634	0.09339514	0.088135874	0.080528269	0.103455088	0.076594164	0.083888053	0.051832992	0.060810266	0.136044606
0.264	OTHER	other	Y	C3H10OSi	trimethylsilanol	2019	1.145907012	0.908208431	0.691947263	1.22288805	1.072887072	0.829376718	0.919618028	1.024923905	1.157578733	1.829493409	1.800691977	1.321603309	1.781220232	1.829321902	0.989382756	0.963028103	1.305671945	1.155103756	0.918126937	1.293074868	1.040599825	1.501108561	3.708703766	2.221197618	1.474815779	1.476579152	1.780556625	2.731532911	1.465786305	2.64299061	1.382133569	2.012620069	2.768194996	1.8184947	1.481918377	2.608964656	1.145602207	1.174509134	1.132781743	1.988403169
0.265	OTHER	nitro	Y	CH3NO2	nitro-methane	2019	0.40436725	0.189270386	0.219404337	0.438445069	0.042503391	0.031128283	0.236813174	0.073672331	0.42842408	0.060552639	0.375704611	0.41568963	0.632146831	0.843391655	0.447839065	1.044671298	0.272116139	0.822399742	0.278881933	0.957145005	0.321608382	0.856358823	0.861649679	0.231781142	0.125424543	0.61845379	1.228397821	0.420525554	0.209953585	0.89537392	0.166577095	0.384418556	0.645233945	0.538548579	0.650226202	0.301796146	0.329092222	0.132174008	0.903779607	1.697559678
0.268	OVOC	ovoc		C4H6O	vinyl ether	2019	0.240926188	0.2476867	0.221083286	0.255375821	0.310187071	0.275975964	0.312974042	0.288133884	0.41545267	0.334055177	0.396261599	0.183646382	0.165880734	0.235401384	0.285666165	0.235210335	0.495658837	0.218491356	0.265992912	0.304795816	0.506732464	0.281091452	0.269703199	0.287109361	0.232832018	0.351902988	0.231869249	0.274201701	0.18148187	0.243185786	0.19412739	0.227282587	0.206687821	0.187876611	0.240543474	0.356288593	0.255671674	0.267656038	0.432731157	0.522777887
0.283	HC	alkane		C5H10	alkane	2019	1.320506764	0.973441496	1.333302893	1.251782776	1.683272815	1.4303986	1.799768743	1.318674624	1.707204222	1.370030429	1.979601025	0.792416978	0.54976666	0.907206499	1.111992879	0.84992473	1.510897469	1.072759463	0.866821777	0.905613617	1.14911273	0.996763679	1.256796815	1.332618767	0.90790972	0.403397405	0.744118198	1.18681711	0.816437907	0.464418799	0.776059091	0.623736995	0.74867492	0.606774994	1.042767172	1.368421983	0.950636957	1.04767203	1.152114771	2.479813832
0.297	OVOC	ketone		C4H6O	methyl vinyl ketone	2019	0.852968853	0.390311232	0.575346902	0.623964819	0.82951238	0.591415403	0.621027285	0.644462794	0.843716581	0.806117462	0.925775475	0.714868253	0.497081106	0.736985825	1.328762972	0.866034563	2.515895548	1.11729547	1.198810121	1.338738787	1.404244017	1.610326439	0.901284899	0.902688322	0.540321599	1.018360422	0.676697538	0.790024772	0.644352327	1.074443763	0.913515695	0.615961863	0.763476255	0.606412888	0.850605917	0.891509555	1.412080149	0.793147135	0.738399498	1.106626079
0.305	OVOC	ketone		C4H6O	2-butanone	2019	0.827666636	0.548001253	0.622452049	1.293618987	1.003190212	0.703800835	0.737742901	0.85010514	2.84543697	1.120439301	1.166320272	0.828750264	0.706542956	0.759553415	1.432683184	1.096797986	1.978184162	1.017129996	1.131934743	1.278805361	1.523493462	1.412100508	1.02295419	0.890144429	0.782580751	1.01614022	0.714997653	1.008518709	0.663934944	1.016435918	0.944178692	0.707181745	0.843915984	0.673158086	0.833139912	0.996020377	1.077122535	0.814647619	1.129268383	1.384521918
0.306	HC	alkane		C6H14	hexane	2019	0.271432832	0.209691833	0.23576259	1.072044133	0.325919303	0.285232509	0.301713501	0.338809911	8.486366905	0.30453203	0.330422722	0.361014177	0.403398904	1.123636618	0.579099585	0.577901458	1.154229936	0.603453748	0.741641544	0.67399246	0.874517194	0.757113412	1.454585127	0.800308263	0.463997844	0.540774757	0.415370583	0.530349175	0.731542717	0.473708642	0.349585587	0.287116397	0.706277396	0.304014764	0.350513508	0.438556691	0.942638612	0.6282381	1.099084659	1.413604209
0.313	OVOC	furan		C5H6O	2-methylfuran	2019	0.330858542	0.307209403	0.38698769	0.368062811	0.412741194	0.321743551	0.325622204	0.288298407	0.349702276	0.510443739	0.399793431	0.273037716	0.23191398	0.306852489	0.35563815	0.298337848	0.480778025	0.329086703	0.29268975	0.343073281	0.415634919	0.366643989	0.600748432	0.747684588	0.379500659	0.988128001	0.37020981	0.415102975	0.429413423	0.337874632	0.276395561	0.264071456	0.344677682	0.252006797	0.321951134	0.698727209	0.361645289	0.507871972	0.362657849	0.673595493
0.309	OVOC	furan		C5H6O	furan	2019	0.131210961	0.122727122	0.115393147	0.120875631	0.170744174	0.162865632	0.183363755	0.197487517	0.166155795	0.348118193	0.233973596	0.062571784	0.055722864	0.059303662	0.133411802	0.091292	0.23641843	0.118244424	0.11716682	0.132203717	0.212325854	0.144112799	0.184575483	0.239206581	0.135895638	0.217481382	0.11664952	0.130496188	0.136810115	0.114853437	0.084077987	0.057395644	0.099054828	0.0856206	0.076558333	0.346861512	0.057751997	0.160128234	0.146041208	0.357697232
0.321	OVOC	ester		C4H8O2	ethyl acetate	2019	0.010587831	0.003359477	0.004980798	0.522249071	0.01093482	0.006014586	0.004599515	0.002398347	1.67389131	0.011659547	0.026903311	0.011169651	0.022160325	0.061924053	0.017500856	0.024495258	0.017759847	0.032426827	0.018470672	0.027546059	0.015584628	0.031276958	0.212423387	0.041827467	0.027254722	0.108934524	0.032011595	0.061915878	0.027974234	0.032355477	0.026014536	0	0.034564473	0	0.028785124	0.027009533	0.046663693	0.028123244	0.021145459	0.212599848
0.325	OVOC	ester	Y	C3H6O3	carbonic acid, dimethyl ester	2019	0.020001433	0.000855984	0.005675013	0.092746171	0.018040255	0.004113776	0.002249215	0	0.205680798	0.028383394	0.020680828	0.000763967	0.009626094	0.026533108	0.004728459	0.012626079	0.001593723	0.006573753	0.002396514	0	0	0	0.037465323	0.003653441	0.002695106	0.04845564	0.02595411	0.014239826	0.004007735	0.016735271	0	0.002736127	0.004414869	0.000874496	0.010561514	0.004584005	0.004480054	0	0	0.015623196
0.315	OTHER	halogen	?	C6H3F3	1,2,4-trifluorobenzene	2019	1.046313143	0.077664626	0.171057568	0.64435467	0.848910881	0.146430865	0.587389485	0.262940843	0.831906355	0.595867602	1.158057817	0.212881467	0.294358564	0.772097759	1.367939885	1.131743869	0.595529221	0.310680132	0.067243909	0.299303419	0.200314599	1.128595257	0.710517178	0.191302563	0.33437406	1.174677436	0.458059267	0.315384124	0.86986755	1.847398167	1.146775631	0.301892117	0.212711933	0.262982067	0.444550184	0.43170644	0.317897293	0.294454283	0.360326226	1.083518012
0.339	HC	alkane		C6H12	methyl cyclopentane	2019	0.033104287	0.037388492	0.033003223	0.324363816	0.035285317	0.038917961	0.047977773	0.045996225	2.393382016	0.043399321	0.052829267	0.080138387	0.091051335	0.297917143	0.104175977	0.111740673	0.122459625	0.103778328	0.077285473	0.141238962	0.158450524	0.152413013	0.439246898	0.122560095	0.0974324	0.073442974	0.06354302	0.065005668	0.113861849	0.059789771	0.050860469	0.033137136	0.059856672	0.050824018	0.044674803	0.036097607	0.058259135	0.042386362	0.148111295	0.198901409
0.338	OVOC	ester		C4H8O2	methyl propionate	2019	0.003982469	0.007136139	0.007005741	0.013575399	0.00634882	0.006193985	0.009600127	0.007541695	0.036702269	0.013265976	0.01776692	0.014967625	0.006743946	0.015939935	0.011380014	0.011180347	0.015507351	0.01407159	0.00849107	0.004860013	0.01690951	0.019448156	0.023565501	0.017532291	0.009651396	0.015731209	0.013024578	0.005160823	0.00086868	0.014498872	0.00672803	0.005963164	0.01211345	0.009859234	0.011725982	0.008976497	0.003843278	0.005255112	0.00681475	0.031272363
0.352	OVOC	furan		C5H10O	furan	2019	0.001081929	0.000373896	0.000443928	0.000338308	0.000607369	0.000413943	0.001809469	0.000633462	0.001202732	0.001999705	0	0.000536375	0.001760019	0.003544739	0	0	0.004081612	0	0.001182343	0.003628963	0	0	0	0.005944715	0.004748025	0	0.000801311	0.004877286	0.000161963	0.007142917	0	0.000574034	0.001652655	0.001190619	0.001698685	0.001127343	0.000706463	0.000877772	9.99924E-05	0.005905129
0.353	OVOC	furan		C4H8O2	2-methyl-1,3-dioxolane	2019	0.471840125	0.363133907	0.394488108	0.408356566	0.454490333	0.406826377	0.55040565	0.440974188	0.742602772	0.652806324	0.782377572	0.580629267	0.803619646	0.783826121	0.252933262	0.440002532	0.345136292	0.325797128	0.319236448	0.414238645	0.358131846	0.318219098	0.862155774	0.438060934	0.836609422	0.352381831	1.080292542	0.600722021	0.33827886	0.781499842	0.445845791	0.710465597	0.673977105	0.421498874	0.453244177	0.477050633	0.371692978	0.512705164	0.484461608	1.016165227
0.366	OVOC	ketone		C5H10O	3-methyl-2-butanone	2019	0.031052395	0.026761874	0.036103765	0.025737361	0.055426485	0.042498122	0.061618292	0.046556467	0.050305203	0.052133284	0.04432417	0.02427354	0.016758606	0.026202856	0.058346044	0.029333289	0.099794418	0.052159773	0.060106174	0.056938838	0.093245923	0.069955039	0.057337329	0.058678205	0.046009104	0.04059414	0.056447538	0.034620736	0.011587334	0.023937846	0.025140866	0.01922076	0.033942837	0.02028633	0.023539333	0.05166702	0.057323018	0.03849219	0.040337071	0.072411778
0.377	HC	Bz		C6H6	benzene	2019	0.988290371	0.879624596	0.84576111	1.021566148	1.197759016	0.989161801	0.968338616	1.000802023	0.867659715	1.16908219	1.199130838	0.994216096	0.811197817	1.026948054	1.41721593	0.98813554	1.781365915	1.355458573	1.390316401	1.166447284	1.595304147	1.113768862	1.3380286	1.227241127	0.992955387	1.311800883	1.18619081	1.045605906	1.086701535	1.25876443	0.891420096	0.949493602	1.048753862	1.109131861	1.240292207	2.010555137	2.520015886	1.746969952	2.576741662	3.902812103
0.372	HC	alkane		C6H12	cyclohexane	2019	0.739663914	0.992588281	0.891701288	2.019619592	0.760884708	0.899344944	0.842901523	0.870743392	4.477428746	0.707291083	0.791113094	0.891240786	0.939543669	1.340128635	6.944335536	6.411392554	6.639188997	6.946285535	6.149846819	6.813307958	7.653549113	7.496387234	1.627160419	0.939207	1.077243336	0.956558887	1.003947752	0.797224041	0.913090281	0.801078846	0.79877671	0.841933702	0.855879164	0.955281398	0.94602159	0.451660791	3.290874522	0.473482106	6.152118077	1.463113663
0.382	OVOC	furan		C5H8O	2-ethylacrolein	2019	1.164412128	0.576951797	0.526894236	1.008617499	1.659203759	1.453388356	1.379026515	2.063082456	0.751595616	1.070311057	1.071507007	1.510721362	0.549856014	0.723128525	3.035299087	1.194232783	5.389127011	2.201542599	2.798213411	2.933665999	6.280503261	3.320591257	2.03104523	1.649852927	0.662039464	0.763596955	1.6828993	1.382027472	0.550715114	1.722272791	0.842753766	1.023871011	2.021867088	1.688275758	2.185355698	3.177702499	3.776742792	1.630678107	1.521105779	2.654421414
0.389	HC	alkane		C7H16	3-methyl-hexane	2019	0.184534742	0.173109999	0.161802454	0.214484251	0.1921497	0.187790556	0.20008189	0.198088107	0.367555764	0.181859376	0.201235557	0.243037117	0.218550491	0.276089871	0.530706253	0.367767833	0.476989715	0.529482944	0.405922083	0.531681162	0.762896575	0.332835926	0.152133242	0.223000706	0.215683395	0.151618244	0.215066392	0.198692236	0.02056957	0.20783758	0.182355882	0.159734203	0.22306006	0.23929994	0.214406271	0.157267998	0.221339362	0.110787608	0.706199822	0.154834272
0.394	OTHER	other	Y	C6H18OSi2	hexamethyl-disiloxane	2019	0.053493593	0.025711887	0.033392284	0.025637761	0.029800428	0.012700124	0.045100965	0.020634004	0.02961002	0.075448617	0.06851241	0.130619127	0.198683003	0.161376529	0.039550436	0.037744603	0.004416421	0.08032416	0.013978215	0.025223377	0	0.017169905	0.404615089	0.14942448	0.070625491	0.080830767	0.098086236	0.235713012	0.063984453	0.215284602	0.112933954	0.219971477	0.231615053	0.200706377	0.089459283	0.104422709	0.02603023	0.136229149	0.090723483	0.005420893
0.395	OTHER	other	?		other	2019	0.162191012	0.143560473	0.192168614	0.140424178	0.21059072	0.233046056	0.253702758	0.198415828	0.244250954	0.102363193	0.174492001	0.11854332	0.072643821	0.10029828	0.103703393	0.081487324	0.168647325	0.135780107	0.107806564	0.170254127	0.19420426	0.112261815	0.17410333	0.168951491	0.211768291	0.2062587	0.199809442	0.13355072	0.078068696	0.132781783	0.088488751	0.063401905	0.094324044	0.078051153	0.138346453	0.128956743	0.185998759	0.12029967	0.108916435	0.504852587
0.393	OTHER	other	Y	C2H8O2Si	dimethyl-silanediol	2019	0.242084017	0.305697404	0.175741809	0.320501642	0.185398862	0.293330913	0.355351117	0.326763518	0.385550341	0.351375543	0.622049069	0.15789945	0.434687333	0.338898053	0.141607963	0.378403166	0.302591175	0.061703276	0.542183258	0.080512781	0.056139407	0.240735388	0.259623372	0.751534013	0.792488069	0.43124029	0.526874447	0.673154655	0.400248872	0.77217898	0.894397741	0.659310392	1.100500709	0.777007553	0.210505778	1.283143284	0.372992819	0.290085248	0.103486221	1.12888314
0.402	OVOC	ester		C5H10O2	methyl isobutyrate	2019	0.011411753	0	0.007348331	0.008323444	0.015867899	0.011126721	0.011558149	0.011280928	0.021789335	0.02184608	0.02391625	0.009615745	0.005261651	0.011872954	0.024821185	0.012038126	0.040510915	0.019742987	0.017117274	0.022037694	0.047068358	0.023772032	0.018600725	0.020682379	0.00629378	0.026330772	0.020033246	0.014794097	0.006536458	0.020968107	0.010320362	0.004712239	0.019880656	0.005786708	0.019710949	0.035348308	0.023216782	0.015973444	0.029569012	0.025579827
0.404	OVOC	ketone		C5H10O	2-pentanone	2019	0.26013742	0.098823197	0.152033796	0.208774816	0.28972557	0.234310544	0.225540301	0.217072136	0.242830406	0.210520055	0.341053161	0.249723229	0.146422714	0.248357066	0.511486122	0.29004266	1.019769552	0.354264799	0.648120215	0.392854799	0.803111121	0.462289955	0.346216594	0.99141161	0.173352086	0.356774197	0.243775311	0.264100228	0.282289372	0.360003912	0.372603853	0.146501873	0.646451223	0.202534575	0.262164922	0.258392965	0.394532266	0.233228401	0.243235118	0.49036682
0.406	HC	alkane		C8H18	2,2,3,3-tetramethyl-butane	2019	0.404290181	0.317639064	0.421154863	0.451506783	0.586172231	0.499228749	0.629043842	0.47959915	0.53002434	0.593603323	0.688617889	0.468137158	0.443135911	0.522716456	0.737336853	0.552714046	0.931603154	0.76660571	0.568367117	0.632891665	0.673217311	0.705402901	0.602518472	0.948049015	0.567344428	0.622601369	0.493914115	0.53154235	0.341656562	0.561159332	0.571484886	0.551814556	0.616497762	0.710060845	0.390118142	0.654585082	0.672556123	0.578544989	0.795745868	1.088142888
0.42	OVOC	aldehyde		C5H10O	pentanal	2019	0.747664636	0.213017032	0.468644972	0.524891913	1.288223669	1.145353752	0.67283657	1.058414045	0.565175189	1.529188595	0.947813535	0.993000404	0.315542112	0.626777837	1.758823671	0.8293985	6.765938925	2.013572876	2.006591585	2.139053936	2.058554403	2.945006786	1.397438019	1.458237976	0.466602623	1.242760901	0.684791055	0.64693272	0.459629746	1.123698441	0.748685774	0.430357251	0.827961842	0.605295456	0.710229857	1.289342802	2.458760034	0.79290402	0.506839549	1.619827937
0.418	OVOC	ketone		C5H10O	3-pentanone	2019	0.1000635	0.026226963	0.054618669	0.048148969	0.095255081	0.097959156	0.069452919	0.087486071	0.079994569	0.051689984	0.116381015	0.08779784	0.0463742	0.065443816	0.120439705	0.096734989	0.187521805	0.195293928	0.158744802	0.101489268	0.255947085	0.145909803	0.113071268	0.132768797	0.056922872	0.090661024	0.059118659	0.081996007	0.064448156	0.081577278	0.073185006	0.051772984	0.080029289	0.037298518	0.063164367	0.063404404	0.101148699	0.059339384	0.087420086	0.181274468
0.421	HC	alkane		C7H16	heptane	2019	0.514552484	0.493391975	0.50285814	0.636350763	0.628389755	0.518402297	0.567797044	0.567532536	0.822281923	0.514451573	0.651619175	0.595575199	0.599997481	0.690352123	0.660900497	0.510062949	1.33705468	0.664612857	0.529689124	0.643026603	0.82176955	0.693108284	0.72162103	0.625452205	0.523072638	0.604127342	0.58123495	0.527395467	0.133450515	0.730248433	0.572429668	0.576771263	0.662446208	0.666452517	0.659916667	0.468727411	0.560698997	0.500417437	0.849611554	0.533271688
0.44	OTHER	other			other	2019	0.587489829	0.771818207	0.74178386	0.417585415	0.64860227	0.754881774	1.155403805	1.472332583	0.713974817	0.392475315	0.834513002	0.320911156	0.317022869	0.344536061	2.966222206	0.658570909	2.096079813	0.477091211	1.419414509	1.237562327	0.925216812	0.674588735	0.555313244	0.556019095	0.728501796	1.133828568	1.291658143	0.633218779	0.37627526	0.761736799	0.172096531	1.005389398	0.667761636	0.703650738	0.533109589	0.758579134	0.500508172	0.637629443	0.778352528	1.123804816
0.439	OVOC	ester		C5H8O2	methyl methacrylate	2019	0.44382794	0.415854524	0.392484905	0.444138298	0.3819499	0.403266981	0.403790154	0.480499868	0.379167655	0.480356093	0.401704975	0.464106659	0.375451371	0.421566986	0.558261477	0.527991856	0.518700896	0.554430566	0.919236408	0.538084919	0.517236967	0.505801047	0.161615656	0.526133299	0.339367768	0.559483699	0.24462547	0.502979245	0.233307355	0.352012269	0.379729941	0.312495247	0.344205364	0.419250693	0.410167939	2.126688164	1.753557724	1.504866658	1.550443059	1.107916795
0.44	OTHER	other		C8H16	2,4,4-trimethyl-1-pentene	2019	0.085046168	0.057237334	0.039174947	0.067687446	0.102691311	0.078044712	0.113144774	0.047712132	0.258343601	0.107064776	0.251989225	0.091793867	0.273916057	0.245387229	0.00728423	0.055716967	0.058219282	0.016771728	0.047960443	0.008020136	0.003781831	0.039235493	0.503495471	0.091327663	0.391798577	0.125893315	0.514820287	0.219553987	0.238775645	0.39984684	0.159136521	0.352327847	0.330835875	0.1488156	0.123925996	0.145226355	0.056095459	0.096184102	0.00414281	0.238151401
0.456	OVOC	ester		C5H10O2	butanoic acid, methyl ester	2019	0	0	0.00014412	0	0	0	0	0	0	0	0	0	0	0	0	0	0	0	0	0	0	0	0	0	0	0	0	0	0	0	0	0	0	0	0	0	0	0	0	0
0.465	OTHER	nitro	Y	C3H5N	n-methylene-ethenamine	2019	0.227684035	0.247550534	0.156978093	0.482451813	0.212751956	0.115822962	0.209839735	0.161669173	0.320845208	0.54688959	0.389916525	0.321363023	0.325199494	0.282804782	0.243594782	0.220564931	0.19583534	0.347027919	0.113821174	0.224042909	0.238847307	0.15591452	0.203514716	0.264557653	0.391847955	0.411969315	0.260844648	0.427508157	0.136574262	0.268420949	0.226440597	0.30033299	0.206072008	0.244793714	0.240410363	0.250035309	0.178344468	0.195569009	2.654772485	0.551652426
0.466	HC	alkane		C7H14	methyl cyclohexane	2019	0.112297284	0.137827645	0.148502259	1.714627382	0.109851169	0.143333368	0.132952898	0.135515396	5.222094847	0.143306286	0.121341784	0.192440548	0.245394712	0.204070247	0.015666112	0.032410058	0.056794571	0.020949064	0.021203274	0.067369012	0.076909372	0.064817471	0.576439981	0.163133547	0.191864119	0.363150815	0.151271226	0.072403658	0	0.187934225	0.169930297	0.216723305	0.212860307	0.202504449	0.176365782	0.084123406	0	0.118677071	0.048285381	0.712924663
0.471	HC	alkene		C8H16	3,4,4-trimethyl-2-pentene	2019	0.142711681	0.25885319	0.18398044	0.137884765	0.175639679	0.135169791	0.285785234	0.304651662	0.246312869	0.127367226	0.216758724	0.121868305	0.108120189	0.121262278	0.931443404	0.257116792	0.705856253	0.195095674	0.516598033	0.416290571	0.35308675	0.216876414	0.134510764	0.186872768	0.21098455	0.290449775	0.351374838	0.223671902	0.098636885	0.222988806	0.050879935	0.332098707	0.279254418	0.165040213	0.217109055	0.250748866	0.211079972	0.165810087	0.35881038	0.306808529
0.492	OVOC	ketone		C6H12O	methyl isobutyl ketone	2019	0.101222283	0.089262843	0.21334079	1.050411287	0.125450652	0.105058692	0.12001843	0.053768371	1.741764769	0.224782218	0.413569838	0.357888359	0.19901319	0.326024851	0.154152653	0.108640397	0.187973784	0.097420989	0.148885146	0.150747283	0.192079659	0.218165413	1.292836892	0.325875886	0.192612265	0.968328351	0.109570312	0.28034848	0.095373769	0.379731157	0.566029749	0.700553741	0.16276672	0.128972738	0.406922685	0.088157133	0.099140376	0.383695905	0.121548386	0.364867272
0.536	HC	alkane		C8H18	2-methyl-heptane	2019	0.533148365	0.509328506	0.492074185	0.544394711	0.50930098	0.504299799	0.549011602	0.586336489	0.62533677	0.605856673	0.6036617	0.653857481	0.703856731	0.71596157	0.027122343	0.019575099	0.064213507	0.020720034	0.034265329	0.019373658	0.020850506	0.040248748	0.455239079	0.605533368	0.594885949	0.654703705	0.637731696	0.60392012	0.01582689	0.737911663	0.692087073	0.60844636	0.750266161	0.559360414	0.702544899	0.424663667	0.018628358	0.360982309	0.040714559	0.054602245
0.535	HC	Bz		C7H8	toluene	2019	8.894390647	8.771230064	8.827576911	9.406962498	8.42114143	8.638200144	8.789544804	9.259775689	10.70412859	9.470360459	9.573528523	10.59117735	11.33542061	11.77895805	0.845656075	0.652034662	1.174652163	0.806377273	0.916739676	1.065745076	1.269148465	1.025417296	7.372367418	9.691857226	9.769530454	10.22096106	10.11261139	9.941301723	0.47375987	11.91150531	9.94074548	11.99681863	12.26740664	10.22691545	10.29356023	7.423057022	1.400784474	6.68218059	2.100269826	2.425645674
0.551	OVOC	ovoc			ovoc	2019	1.677129391	1.533482855	1.530422893	1.736297573	1.718585818	1.643750083	1.707885639	1.772143542	2.008985936	1.887397753	1.88135145	2.034191726	2.081569058	2.234320333	0.324118726	0.267413273	0.562129315	0.311406077	0.337764821	0.270624084	0.353102443	0.362140313	1.562629799	2.040881831	1.889054494	2.179995448	1.975224142	2.069790894	0.09150922	2.603508174	1.96670134	1.973764914	2.485426864	1.87331361	1.757300841	1.259311119	0.214602787	1.27097312	0.266505927	0.470402189
0.547	OVOC	ester		C6H12O2	butanoic acid, 2-methyl-, methyl ester	2019	0	0	0	0	0.00426884	0	0.001447403	0.002489972	0.003391627	0.001135595	0	0.00140247	0	0.004194681	0.004878313	0.000320839	0.02291779	0.005948683	0.007623475	0.006447822	0.008738784	0.01571516	0.003177544	0.008170108	0	0.010395602	0.005768416	0.003362353	0	0.003810728	0	0	0.003288096	0	0.00154682	0.00791197	0.00747612	0	0.006207312	0.022741482
0.567	HC	alkane		C8H16	3-methylene-heptane	2019	1.584116822	1.469724692	1.492456109	1.579837462	1.530438689	1.612141394	1.663320499	1.734733797	1.770473381	1.75015144	1.80464323	2.006110554	2.072413406	2.105577513	0.091210821	0.05373476	0.187786529	0.07618619	0.068290518	0.101154014	0.168292969	0.156034718	1.412591754	1.860354069	1.861069109	1.949134783	1.896122141	1.846921153	0	2.305789174	2.136077156	1.874127502	2.276004038	1.930557145	1.815903717	1.428293307	0.092644815	1.232645908	0.062767831	0.175593165
0.581	OTHER	other			other	2019	0.102491736	0.081491884	0.063540314	0.158025345	0.109918398	0.106143499	0.113601218	0.111707501	0.14253136	0.189524171	0.184040256	0.116143044	0.122081298	0.14011498	0.127882286	0.134863484	0.193281541	0.114776809	0.150413015	0.090063894	0.048515717	0.197883195	0	0.1990586	0.153866994	0.178245903	0.199798589	0.317101711	0.154512969	0.329133383	0.257864268	0.186669259	0.264044583	0.154364003	0.181162458	0.374578934	0.153385652	0.145738752	0	0.399097946
0.571	HC	alkene		C8H16	1-octene	2019	0.764766238	0.563072991	0.753956289	0.804037577	1.328420593	0.780755388	1.512019327	0.907149222	1.008296925	1.491724071	1.845118947	0.813916851	0.838272216	1.174957082	1.742677556	0.920061948	1.57626646	1.498868598	1.003515906	0.973392983	1.106747791	1.553568621	1.188742727	2.226064921	1.412468581	1.540281398	1.032491262	1.239296344	0.634215691	1.258390899	1.434885966	1.347357341	1.104136021	1.241414056	0.744561815	1.388718584	1.024446685	1.003284687	1.233203512	1.804041762
0.587	HC	alkane		C8H18	octane	2019	3.088342403	2.872436251	2.860608	3.099265282	3.10379166	2.997468902	3.204300662	3.277243187	3.420477031	3.442549013	3.657664467	3.594430527	3.737040275	4.032686452	0.887150869	0.613801334	1.242098713	0.771311611	0.634279552	0.555286319	0.695572826	0.840860352	2.715014922	3.563223804	3.350104823	3.635475785	3.438987784	3.494582626	0.402029535	4.308245954	3.822692937	4.150216385	4.151623947	4.068055511	3.102693913	2.686983552	0.587465028	2.26287877	0.68053765	0.91312604
0.587	GLV	aldehyde		C6H12O	hexanal	2019	1.623528235	0.723904657	1.124183255	1.275712354	3.419788319	2.988275426	1.780174202	2.58909623	1.498711189	2.699598001	2.250069867	2.197775992	1.028497805	1.383686299	3.276094262	1.534838764	17.16265978	3.527003182	4.066686963	3.199248205	3.092390997	5.473050438	1.900517151	3.224296565	1.443215513	2.816832366	1.706785746	1.564422779	1.283387878	2.561792421	1.762778896	1.394061504	1.833269335	1.493249329	1.369178857	2.822116671	5.289059606	1.603467615	0.851434862	2.850243184
0.622	OTHER	other	Y	C6H18O3Si3	hexamethyl-cyclotrisiloxane	2019	25.34003881	20.16163195	26.89132481	29.32902053	29.18168364	31.12663511	23.64033012	33.73534931	27.37054862	27.72570394	34.4107592	20.33180182	23.39792223	20.39554812	15.79088207	20.53846776	37.28441966	20.63289767	25.28207624	17.984991	10.23682338	30.23386839	27.29023743	33.38020062	34.33782906	33.51452767	31.81721117	25.41286583	15.8476777	31.15558652	15.89737893	33.09388957	23.85153886	17.72829034	30.97565284	27.2129758	32.33285533	18.71904341	7.219937893	28.15017482
0.63	HC	alkane		C9H20	2,4-dimethyl-heptane	2019	0.689775748	0.706925222	0.589031809	0.558098916	0.549939933	0.561744925	0.611487119	0.599389973	0.625131342	0.541270927	0.665463957	0.800410681	0.960778373	1.794135052	0.346458812	0.21650795	0.485346223	0.282303333	0.248098143	0.199849827	0.327478182	0.420057984	3.084053722	1.14853815	0.97928914	0.762782274	0.794609148	0.823863094	0.90313412	0.98815544	0.672744636	0.90459997	0.768330293	0.582098583	0.583930313	0.438800364	0.191519025	0.4334232	0.173968936	1.043062607
0.636	HC	alkene		C8H14	1,3-octadiene	2019	0.038151623	0	0.011067615	0	0.072117464	0.097527395	0.187673673	0.110197986	0.017511265	1.270826114	0.188537334	0.030794602	0	0.006641535	0.027571195	0.001210394	0.086115438	0.116499738	0.058925462	0.047157757	0.091773938	0.125816244	0.482686031	0.125086901	0.056568679	0.090173769	0.037960024	0.053269022	0.093255889	0.032198935	0.008056749	0.061051761	0.046616653	0.017212041	0.021421901	0.165943084	0.063572836	0.044652701	7.09751E-05	0.239498391
0.657	HC	alkane			alkane	2019	0.655544055	0.634664971	0.632767081	0.670048093	0.656326098	0.642767039	0.662031851	0.709527685	0.70554667	0.651806151	0.730367402	0.799238578	0.842345186	0.882811528	0	0.004752595	0.057863629	0.005607018	0.004673542	0.009701272	0.011240721	0.023053477	0.746696019	0.74051405	0.73868067	0.761045169	0.754970394	0.701680868	0.004407995	0.926465578	0.589636536	0.925168679	0.930868248	0.710884614	0.69418238	0.520194107	0.007521528	0.453986819	0.001287025	0.033104463
0.653	OVOC	furan		C5H4O2	2-furaldehyde	2019	0.455585496	0.169665898	0.120656084	0.234672101	0.530849446	0.043989268	0.195142494	0.125193281	0.112525088	0.446540341	0.893634027	0.180256452	0.072124329	0.137386677	0.367418038	0.471401431	0.589188987	0.372236231	0.420973811	0.369191265	0.1971678	0.432584674	0.46344142	0.378894846	0.147292259	1.381497337	0.210678717	0.339096264	0.658908799	0.389859409	0.219154962	0.478830209	0.183133703	0.085991796	0.468684425	0.853847639	0.487111215	0.334443683	0.193726313	0.823680227
0.67	HC	alkane		C9H20	2,5-dimethyl-heptane	2019	1.08990479	1.071393833	1.08018743	1.103814242	1.054694701	1.124452798	1.098438507	1.22399837	1.200743227	1.210782852	1.229375067	1.403898447	1.486708586	1.519861755	0.026094643	0.012528932	0.069438364	0.015018074	0.014447137	0.012478256	0.016106727	0.025590291	1.394431972	1.229947701	1.221710005	1.275070444	1.296557605	1.13554959	0.004459994	1.556125913	0.968478002	1.545819295	1.574479724	1.41400216	1.116814545	0.8343162	0.012429435	0.748574266	0.006403101	0.035097394
0.68	HC	alkene		C9H18	1,1,3-trimethyl-cyclohexane	2019	0.762786646	0.720985405	0.736709811	0.742967654	0.746146216	0.741110233	0.742961048	0.837521506	0.797799845	0.829429985	0.842425321	0.942328028	0.987118652	1.007939164	0.005235565	0	0.030986326	0	0.013809913	0.007069201	0.017679956	0.006739299	0.894447264	0.868450925	0.868099306	0.865279309	0.900587544	0.687841415	0	1.064407473	0.746721507	1.078143666	1.109558923	0.90654071	0.837287229	0.599866511	0.015745071	0.563543745	0	0.00452379
0.691	GLV	aldehyde		C6H10O	trans-2-hexen-1-al	2019	0.13455689	0.141302299	0.080891324	0.072403227	0.150208458	0.171022939	0.166380441	0.203249466	0.077226573	0.192378606	0.327666527	0.195574326	0.149718372	0.195955701	0.338639634	0	1.221624258	0.06463519	0.197681961	0.084099325	0.001009691	0.145618907	0.260040881	0.14944451	0.195067553	0.207782297	0.217410609	0.055568557	0.031425685	0.226201554	0.043161148	0.251358543	0.172548403	0.148224165	0.130920137	0.251867028	0.264870558	0.099129641	0.019577444	0.160082651
0.708	HC	alkene		C9H18	1,2,4-trimethyl-cyclohexane	2019	0.542437835	0.520737919	0.540015607	0.530784034	0.528744088	0.553748367	0.546042816	0.589491619	0.603745244	0.577251611	0.603774971	0.663666983	0.739232325	0.757790874	0.011542714	0.00125247	0.006782528	0.00121446	0.003566894	0.002061638	0	0.002034751	0.645346832	0.631377843	0.667307797	0.660190335	0.702020725	0.450363162	0	0.822911147	0.570210034	0.842697358	0.79237727	0.698404528	0.668529811	0.471164454	0.00230021	0.434623631	0.002268525	0.001720281
0.696	GLV	alcohol		C6H12O	cis-3-hexen-1-ol	2019	0	0	0	0	0	0	0	0	0	0	0	0	0	0	0.5057247	0.15632887	1.157494268	0.243133117	0.311208392	0.244348905	0.220077278	0.411859847	0	0	0	0	0	0	0	0	0	0	0	0	0	0	0.299454638	0	0.118219911	0.290799472
0.726	HC	alkane		C9H20	4-methyl-octane	2019	0.755334782	0.723949744	0.691802978	0.630836554	0.673703898	0.661551759	0.71146957	0.748288761	0.698059563	0.672483834	0.751752601	0.856837384	1.021793959	1.734805077	0.361886222	0.196913375	0.487239726	0.28234874	0.271540776	0.204160955	0.303911693	0.426985218	3.207276152	1.177163549	1.064201674	0.838871613	0.898101937	0.644198851	0.967280277	1.101308727	0.751795133	1.010219683	0.736028412	0.856882063	0.95941699	0.489387874	0.186442216	0.467353173	0.188766195	1.10346619
0.728	HC	alkane		C9H20	2-methyl-octane	2019	0.642032656	0.633428079	0.567561986	0.646245724	0.629982269	0.667921455	0.644461666	0.665758816	0.693718118	0.693769565	0.755529391	0.799502665	0.80902776	0.904388752	0.055966617	0.025782259	0.10845627	0.047062906	0.038897967	0.037466613	0.078475448	0.077883516	0.744666847	0.776555707	0.734450818	0.79120989	0.773932223	0.457399725	0.079674494	0.958562058	0.589535655	0.891222556	0.72399703	0.891906889	0.900908531	0.50260083	0.026362273	0.447640563	0.028261567	0.079043998
0.715	HC	Bz		C8H10	ethylbenzene	2019	0.158798022	0.149168343	0.130104274	0.181679042	0.158959714	0.167738215	0.168848348	0.168573109	0.270249102	0.214406513	0.19357787	0.182450446	0.172070772	0.253711385	0.156766606	0.147656614	0.224487599	0.204941623	0.295111307	0.214936964	0.280368087	0.214531681	0.415963705	0.428338788	0.272903774	0.279737848	0.279134339	0.229295618	0.386315743	0.29339718	0.163779354	0.218931408	0.408317308	0.259897755	0.284792004	0.318893097	0.600728633	0.479365666	0.546169949	0.56548389
0.732	HC	Bz		C8H10	p-xylene	2019	0.675445247	0.548232096	0.495720914	0.692945105	0.628822641	0.631019973	0.67718587	0.605715963	0.955000767	0.693775265	0.814579384	0.690870859	0.61483042	0.974146218	0.661477966	0.491051591	0.834033303	0.637994073	0.913827726	0.794193995	1.165629469	0.899865717	1.848735397	1.504598614	0.954852707	0.989927437	0.901249436	0.977796059	1.224753496	1.007972062	0.61196895	0.739366145	1.027384741	0.835475208	0.996200091	1.134849061	1.801702756	1.567959657	1.947767887	1.844314802
0.772	OVOC	ketone		C7H14O	3-heptanone	2019	0.491146178	0.098749273	0.270548019	0.538068446	0.462386648	0.31944786	0.372134243	0.263814889	0.391542813	0.584410228	0.889973124	0.418715664	0.216093973	0.655760773	0.724628662	0.608069028	1.020215663	0.754732624	0.412602203	0.57677443	0.421877857	1.459655872	1.218801263	0.493639203	0.422606743	0.797163767	0.534626609	0.288016741	0.619606473	1.536359958	0.596646378	0.361021014	0.277901998	0.369148181	0.574665127	0.596269244	0.759935143	0.419519851	0.204520741	0.728482323
0.773	HC	alkane			alkane	2019	1.082219828	0.922661406	0.99186194	1.07733248	1.11956557	1.104842582	1.078819756	1.161510894	1.172611794	1.230831451	1.207637251	1.310072151	1.325406974	1.413432256	0.205409799	0.053515708	0.815145931	0.215669411	0.350727269	0.144957956	0.219649642	0.25660479	1.509707749	1.27287073	1.2069985	1.341858112	1.304943268	0.780585559	0.106139644	1.565333981	0.981739977	1.505918158	0.941733864	1.401211382	1.535118706	0.948416202	0.338957247	0.805468509	0.04931001	0.113589995
0.765	OVOC	ketone		C7H14O	2-heptanone	2019	0.193293071	0.003544659	0.052297093	0.131090554	0.223247203	0.200259614	0.087629511	0.159908416	0.148940128	0.191523437	0.342367482	0.147825953	0.058578286	0.157851665	0.483473995	0.276592209	1.145082983	0.336661317	0.37433257	0.352167685	0.327949397	0.649254066	0.451582055	0.324717407	0.084587459	0.439985016	0.174970652	0.113817116	0.372920691	0.500781491	0.198861644	0.06868115	0.090128553	0.018472155	0.235927116	0.326445555	0.544987609	0.151092168	0.06571645	0.403722624
0.779	HC	alkene		C9H18	1-ethyl-4-methylcyclohexane	2019	1.020569328	0.958234449	0.975308074	1.014777569	1.019414053	1.037731362	1.035196153	1.099775289	1.079687504	1.102088001	1.145246658	1.258606601	1.328311809	1.330430754	0.014659999	0.015567522	0	0	0.011049729	0.020990246	0.025480586	0.007548429	1.255078078	1.120712751	1.141337814	1.178268012	1.189349266	0.794527488	0	1.387763112	1.012097419	1.420032068	0.982635626	1.413863974	1.352932884	0.827847907	0.008345764	0.762923701	0.043644262	0.028284217
0.766	HC	alkene		C9H18	1-nonene	2019	0.409528494	0.290548893	0.465555551	0.490176144	1.161033566	0.552297902	1.524808483	0.541092124	0.5657849	1.103345809	1.681685529	0.590889912	0.505443654	0.954371173	1.505905423	0.555958215	1.12395107	0.901542277	0.729554319	0.810760516	0.600920747	1.043536918	1.351495865	3.342542474	1.11201307	1.172330342	0.939552347	0.441647846	0.817687835	0.980496759	0.623004155	1.177135798	0.705837874	1.978086028	0.576303137	0.922329272	0.851885308	0.984403154	0.745959136	0.769589249
0.77	OVOC	acid		C6H8O2	sorbic acid	2019	0.005614563	0.011035001	0.009148628	0.007194615	0.014199358	0.007958349	0.009160436	0.015109117	0.011045089	0.012381665	0.014607045	0.010413518	0.001602226	0.015388866	0	0	0.005043562	0	0	0	0	0	0.010175041	0.022245814	0.008211264	0.019142728	0.008771484	0.011959973	0	0.011411778	0.007516919	0.003231474	0.015508035	0.014028862	0.006521728	0	0	0.011205806	0	0
0.775	HC	Bz		C8H8	styrene	2019	0.380107637	0.361460479	0.37766025	0.376166572	0.39862628	0.378142634	0.404390081	0.420174055	0.416650206	0.440177633	0.465929957	0.47618006	0.499691419	0.526484566	0.047923483	0.022963458	0.059242032	0.027302757	0.032203482	0.031298216	0.026645803	0.0403631	0.477363847	0.519642554	0.469076776	0.472782928	0.485342663	0.307731142	0.027307866	0.558493342	0.373349539	0.566891907	0.381099926	0.553753217	0.528851211	0.343935029	0.033701927	0.322437616	0.031878365	0.032229847
0.781	HC	Bz		C8H10	o-xylene	2019	0.207497525	0.181291002	0.154283344	0.22576747	0.179836358	0.182581987	0.179659307	0.180311996	0.34180213	0.210311971	0.251449153	0.202856387	0.212470188	0.348260899	0.171517083	0.142073672	0.217986922	0.196597222	0.261769683	0.225087906	0.273475593	0.229901675	0.794168421	0.483023029	0.32400982	0.313100669	0.307673605	0.265015128	0.38613596	0.344840193	0.197070164	0.258800592	0.320846013	0.258163103	0.301082445	0.282093975	0.464524068	0.414790067	0.424348845	0.552088829
0.796	HC	alkane		C9H20	nonane	2019	3.621216644	3.170865136	2.951129064	3.403132888	3.623901987	3.501598192	3.753327109	3.788633962	3.434848304	3.993936975	4.165618628	4.345443336	2.732396691	4.92642753	0.300374286	0.233483429	0.63936901	0.339696291	0.217792862	0.179422176	0.220368336	0.366940678	4.348086699	4.236132273	3.704835758	3.880079532	4.225863984	2.52297571	0.285942557	5.104425304	3.24555261	4.412763138	3.225034456	4.225895374	4.690275362	2.820077115	0.34026424	2.538901544	0.293618851	0.58795396
0.797	OVOC	ovoc		C7H12O	ovoc	2019	0.049430879	0.027395467	0.043566026	0.0360556	0.030541257	0.04212928	0.040431135	0.038116306	0.030072539	0.029062954	0.034371827	0.025188155	0.025872764	0.023326961	0.01182263	0.00345303	0.018696809	0.005913124	0	0.004319713	0.005433251	0.008843042	0.023081515	0.0125326	0.01770613	0.016155709	0.017556765	0	0.004684096	0.022304456	0	0.018885033	0	0.007769235	0.014157935	0.007986379	0.005871923	0	0	0
0.801	GLV	aldehyde		C7H14O	heptanal	2019	0.889587976	0.234851973	0.395414693	0.557024348	2.289740522	1.98560278	0.821424731	1.628545048	0.805197706	1.371595283	1.56397343	0.951158041	0.463758	0.848303927	2.258020981	1.072193826	10.42644039	2.126740377	2.900208863	1.760741625	1.400396054	3.522241871	2.150220075	1.583159062	0.674447544	1.634357589	0.981925443	0.486078573	1.238527051	1.88452982	0.99791288	0.665037239	0.674314228	0.648009218	1.04516939	1.840893562	3.481674752	1.077916222	0.371249201	2.080352555
0.818	HC	alkane		C9H18	alkane	2019	0.297284887	0.279785923	0.298568499	0.294811654	0.299018446	0.301152382	0.290705411	0.330827162	0.324869267	0.324993822	0.321225201	0.371494741	0.457212491	0.359681607	0.022865251	0.004730254	0.05289337	0.017428028	0.018613309	0.011107713	0.018109507	0.017378508	0.327750006	0.331940593	0.324556008	0.378058537	0.341528424	0.215673965	0.014539004	0.39674284	0.290309494	0.407700184	0.286553052	0.327398273	0.33917507	0.263930845	0.022175832	0.236402571	0.006752007	0.006708876
0.82	OTHER	other			other	2019	0.223180208	0.19700165	0.192685639	0.214445553	0.223853901	0.228065891	0.23019095	0.253972061	0.22405184	0.252404037	0.274364829	0.296827577	0.200991106	0.31978261	0.008184673	0.001512706	0.002119455	0.004016586	0.003293603	0.003267171	0.002034826	0.01071441	0.317887612	0.267836393	0.2560031	0.249294806	0.281345168	0.15582152	0.004042723	0.359522575	0.210911898	0.321225185	0.196526737	0.24559016	0.253602737	0.172452665	0.005431007	0.14822049	0	0.008962716
0.831	HC	alkane		C10H22	3,4,5-trimethyl-heptane	2019	0.375341366	0.292879336	0.222104138	0.300397605	0.397628842	0.407068352	0.367342012	0.439374778	0.256829717	0.426045487	0.417137937	0.479791866	0.15107199	0.487582246	0.022551833	0	0.0662336	0.015044491	0.040464866	0.019739897	0.039692817	0.08640126	0.598027488	0.494265835	0.306063583	0.321388365	0.454358556	0.278659309	0.016509707	0.543748654	0.337131544	0.381670352	0.359349754	0.39741245	0.411025349	0.292009968	0.029386647	0.282949326	0	0.011481195
0.845	OTHER	other			other	2019	0.661492951	0.554024538	0.496160245	0.580292106	0.657427454	0.652494001	0.665267488	0.727023629	0.580225808	0.742366011	0.761416921	0.825242433	0.572280102	0.847257943	0.038975024	0.010023257	0.112025471	0.019042858	0.025309116	0.028887567	0.034562471	0.055853103	0.860152482	0.771819442	0.656428728	0.681549984	0.786337637	0.456373544	0.026601284	0.965653129	0.570119661	0.792212012	0.592562208	0.627292953	0.688501189	0.55249765	0.035508767	0.486637682	0.00783285	0.022037166
0.843	MT	MT		C10H16	a-tricyclene	2019	0.058893516	0.085185038	0.06845072	0.06552341	0.029917644	0.026947774	0.050506482	0.030101306	0.06275271	0.056294169	0.096184192	0.035188918	0.058659642	0.31010016	0.051128777	0.050778214	0.03276835	0.068499423	0.027055248	0.027062369	0.055912727	0.086959565	0.385678707	0.139372506	0.17767685	0.107574896	0.101561904	0.129701385	0.092091734	0.046244704	0.051962565	0.076305754	0.017796173	0.02188798	0.050184307	0.05670043	0.031477738	0.046314279	0.056036045	0.581331586
0.863	OTHER	other			other	2019	1.110969901	0.877503807	0.812571086	0.945435984	1.114278325	1.111311177	1.119493472	1.212126322	0.954887788	1.239994485	1.223734583	1.38339367	1.035406543	1.360835731	0.070771592	0.027405206	0.131971668	0.037261973	0.051575494	0.04578928	0.062569374	0.06898591	1.387693551	1.283827763	1.04949459	1.065629564	1.316121817	0.752863351	0.041698454	1.58722522	0.949139365	1.280655589	1.043675236	1.036892501	1.142439743	0.899633452	0.069339596	0.804995963	0.041051691	0.059814049
0.866	MT	MT		C10H16	a-pinene	2019	0.0031276	0.00136464	0.002393632	0.019620184	0.112443391	0.113587439	0.006798577	0.124416399	0.039526139	0.010070526	0.005084414	0.006944059	0.002964157	0.003419094	0.034569815	0.029978939	0.10815762	0.041290761	0.085852004	0.0897075	0.085952195	0.11877021	0.090915992	0.049004951	0.009596013	0.026921473	0.008632492	0.002913651	0.042481596	0.03646191	0.000646347	0.007726027	0.018980834	0.002919032	0.009608306	0.072615415	0.144036139	0.027699431	0.063495073	0.687014381
0.879	HC	alkane		C10H22	3-ethyl-2-methyl-heptane	2019	0.745026863	0.653507089	0.573740078	0.697064399	0.765475017	0.757019311	0.780636868	0.842020938	0.708363635	0.852783706	0.914930287	0.940994943	0.528273217	1.06460066	0.007970514	0.03488374	0.01282619	0.007521546	0.00590304	0.007922768	0.00149803	0.011765621	0.916621002	0.884355174	0.794542558	0.850566174	0.921915795	0.542156389	0.024578995	1.128734013	0.710011428	0.949834569	0.714069258	0.674376878	0.813413912	0.588821296	0.009451888	0.535782609	0	0.012858994
0.889	OTHER	other	Y		other	2019	0.050355536	0.027048915	0.048292216	0.056306956	0.039133033	0.099886254	0.064408321	0.0761128	0.042227192	0.054492282	0.088202127	0.040641374	0.064061204	0.087631594	0	0.065500373	0.100518562	0.037619509	0.060730716	0	0	0.059854233	0.133122684	0.09505373	0.109958172	0.126141861	0.141116455	0.155854834	0.152095251	0.192732611	0.130713838	0.119506613	0.132747688	0.10737942	0.124786324	0.244387328	0.137420249	0.063226698	0	0.206220352
0.89	OTHER	other	?		other	2019	0.03466096	0.002304213	0.010453462	0.043428514	0.02860624	0.005237242	0.020294028	0.014481401	0.032350422	0.037664904	0.121906621	0.013076859	0.010608805	0.040190669	0.127494746	0.060921935	0.056064012	0.026624145	0.004753637	0.020065905	0.019296618	0.126390589	0.045530811	0.011551033	0.025450397	0.109171253	0.023835858	0.020034125	0.049514949	0.175372554	0.105850985	0.018763266	0.021547738	0.020540276	0.022547057	0.02254863	0.019912473	0.019973455	0.030789446	0.075525513
0.902	MT	MT		C10H16	a-fenchene	2019	0.000840416	0.002684138	0.005207968	0.0043354	0	0	0	0.002020962	0.005568927	0.001813351	0.003452947	0	0.00663535	0	0	0.005719294	0.005006528	0.005705826	0	0	0	0.004493749	0	0	0.004281085	0.005214624	0.001831692	0.00336253	0.006690589	0.005928745	0.001618183	0.006682043	0.001789512	0.001506779	0	0.005549394	0.004744376	0.002768737	0.004265109	0.003013345
0.9	MT	MT		C10H16	camphene	2019	0.935508296	0.925843028	0.715104292	0.663885793	0.662611946	0.641282537	0.806616584	0.702375157	0.614494988	0.641463818	1.030173157	0.61246859	0.653976297	2.12763737	0.747858161	0.446905298	1.05279939	0.826033666	0.765144132	0.60141053	1.265388019	1.52267331	5.821663743	1.886731276	1.621811166	0.97827447	1.180379537	1.333856331	1.198244433	0.541863681	0.466022913	0.734594007	0.358224425	0.398075987	0.849177173	0.782173374	0.615542878	0.587464473	0.51026494	5.900225301
0.905	OVOC	ovoc			ovoc	2019	1.257969713	0.481771271	0.545841163	0.955343427	2.086652203	1.780182737	1.324705667	1.772188865	1.083035506	1.568021991	2.066576291	1.374626098	0.432773314	1.391226281	2.002678383	1.035699504	2.951303832	0.771854631	2.132648592	0.992223356	0.841559314	2.687869283	2.921739748	1.611719533	0.905351242	1.716898405	1.676709251	0.694157529	0.794411908	2.625968486	1.300563471	1.101249002	1.058824975	0.945339453	1.382343611	1.731511808	1.338187611	0.965873107	0.345092633	1.406671509
0.911	HC	alkane			alkane	2019	0.513724583	0.07958032	0.038346833	0.13508299	0.638682108	0.659397174	0.570747976	0.682719811	0.087571078	0.677180179	0.430258284	0.750644446	0.022738412	0.330910657	0.140953511	0.119387353	0.235302902	0.064105016	0.146216201	0.292879515	0.243855354	0.244707102	0.770114313	0.759870476	0.077196752	0.070537495	0.67730966	0.18450143	0.029022185	0.774980047	0.205273152	0.085246221	0.612968677	0.580505579	0.548452261	0.519533033	0.089254669	0.479615575	0.2360591	0.09462043
0.918	HC	alkane		C10H20	alkane	2019	0.534740879	0.494103518	0.474902624	0.500161858	0.524729141	0.521835546	0.522975675	0.579827898	0.575911372	0.572186089	0.633609406	0.660885351	0.6011203	0.753114986	0.089785397	0.016720231	0.0956947	0.038158031	0.032372794	0.024351104	0.038525001	0.047342466	0.5718026	0.641261463	0.632899172	0.65321363	0.601234651	0.41448662	0.041691379	0.762409229	0.515981713	0.723364674	0.471747426	0.487932487	0.738600375	0.430670658	0.057394872	0.40286883	0.025311106	0.049393083
0.919	OVOC	oBz		C7H6O	benzaldehyde	2019	7.19206273	4.436273487	5.557345481	6.935120388	5.300569455	4.433808329	4.812829286	5.093197046	8.07230995	5.920957108	9.387036645	6.940549094	9.782060199	12.04746831	9.471029491	12.40398138	11.20109929	12.01478223	8.37618094	11.54372086	10.66625107	13.08140556	10.02034895	6.755441636	5.826662963	10.51510961	12.84461213	5.621731372	6.694650829	12.53366491	5.267073116	7.944480434	6.162295833	5.602612343	9.993863767	6.418901242	7.569625462	4.706868441	11.6993552	8.187458122
0.94	OVOC	oBz		C6H6O	phenol	2019	1.30922725	0.429030783	0.542027814	0.873264396	1.186457838	0.729887377	0.99885148	0.76836703	1.323642591	1.468176077	3.047211426	0.901209154	1.110097172	1.751604634	1.4446735	1.499379132	1.434452471	0.995927	0.768632257	0.737827237	0.264832297	1.65569494	2.088090003	0.994118544	1.294335392	3.321565025	1.878820511	0.962861098	2.340693285	3.499409452	1.692314195	1.223121557	0.910998525	0.801726625	1.599427311	1.651011634	1.078947129	0.777119102	0.414217235	2.005728783
0.944	OVOC	alcohol		C8H16O	1-octen-3-ol	2019	0.375419578	0.177309451	0.185111674	0.300413796	0.457582329	0.364265092	0.353196746	0.393339345	0.314997683	0.439181223	0.474201018	0.467916949	0.243707646	0.374754431	0.440352886	0.223254047	0.829517922	0.340089261	0.279690594	0.333909286	0.267286297	0.661209111	0.570432219	0.464711551	0.274195354	0.412391477	0.530095929	0.15972125	0.120913922	0.543271808	0.324481478	0.259480389	0.216139654	0.22489906	0.428031471	0.50004375	0.236928499	0.242499859	0.119249966	0.342691864
0.958	MT	MT		C10H16	b-pinene	2019	0.023866442	0.015532296	0.015914492	0.018947917	0.028678384	0.022270921	0.023678682	0.023791179	0.024167434	0.041700887	0.036093473	0.021053136	0.021017133	0.031897052	0.039023679	0.022407901	0.061294312	0.022381619	0.029987342	0.030850882	0.026690994	0.042161752	0.045070875	0.044613807	0.026055365	0.041241416	0.039093503	0.0171133	0.027164148	0.043376367	0.028968182	0.019910196	0.019213604	0.018226143	0.023769321	0.052692253	0.028461155	0.028184837	0.024602739	0.073474525
0.962	HC	Bz		C9H10	a-methylstyrene	2019	0.69261534	0.644176099	0.437880415	0.49551058	0.8715555	0.783013565	0.58060281	0.635650328	0.359522054	2.506476508	0.621832862	0.325743887	0.218483706	0.487672978	0.303357108	0.15869856	0.683322189	0.357739183	0.317311028	0.248189601	0.42153521	0.381482092	1.948383296	1.05030351	0.650565123	0.648700635	0.548409806	0.519855609	0.40994374	0.363357967	0.333197929	0.254749989	0.27353284	0.307279194	0.318701693	1.389361724	0.285177212	0.34605515	0.168806915	3.025611901
0.962	OVOC	ketone		C8H14O	6-methyl-5-hepten-2-one	2019	0.519613731	0.129808555	0.344759376	0.303300778	1.501451621	1.439540561	0.549587288	0.811044515	0.470302979	0.552974867	0.598895977	0.428066309	0.222505011	0.444855241	0.559125952	0.599057687	3.097895529	0.9854848	1.475399001	0.536844552	0.27254737	4.208070422	1.581665846	0.987289499	0.534456063	0.858103818	0.652905394	0.412090011	1.065745237	0.774754789	0.410707877	0.44589149	0.332361113	0.345972432	1.404635433	0.634834917	0.908784551	0.429597605	0.233348988	1.588488396
0.967	OTHER	nitro	?	C7H5N	benzonitrile	2019	0.755324785	0.702175652	0.548278889	1.221084509	0.386222876	0.263184236	0.615286482	0.377145585	1.076758654	0.580732511	1.054492311	0.712681684	1.207085461	1.454653379	1.253720117	1.945571031	0.982707428	1.410041251	0.719708648	1.517411725	1.575988071	1.360915283	1.016582463	0.833136214	0.722938355	1.281151119	1.783509382	1.252885256	0.704690012	1.54210274	0.797565077	0.749212108	0.700940947	0.860500357	1.609524298	0.840973737	0.854050151	0.810240714	3.773285705	1.405299672
0.971	OTHER	other	Y	C8H24O4Si4	octamethyl-cyclotetrasiloxane	2019	8.727006577	2.227322635	2.910927097	3.260508044	27.06221545	32.07519209	10.00743102	32.45800342	2.805512886	13.77187675	4.245298682	13.08476873	2.531797894	3.787342862	14.78060583	5.380829712	15.02095055	16.86960906	20.85654956	22.20555036	13.25853202	28.41318364	33.65776176	15.62779091	2.750272208	2.710465962	11.65023148	4.322304185	2.192010448	13.63835004	3.691778512	3.311865403	20.24422078	16.01795078	12.60691976	22.17723639	34.40151405	28.90509236	15.47766107	18.14147416
0.988	HC	alkane		C10H22	decane	2019	0.30936751	0.01652658	0.078218138	0.127913836	1.171756427	1.090469024	0.453454318	1.226530815	0.199460499	0.787887955	0.179345037	0.648183222	0.072113317	0.104019443	0.435066659	0.247341419	0.551275392	0.194237753	0.29337124	0.603407695	0.500250135	0.403662488	1.041528276	0.630313561	0.11586549	0.20243403	0.384515303	0.080125525	0.132036427	0.514630563	0.146107386	0.076376544	0.916857795	0.565454978	0.29727391	1.311503059	0.551470115	1.306948612	0.709981454	0.543489916
0.995	OVOC	aldehyde		C8H16O	octanal	2019	0.75287815	0.19122037	0.514561334	0.39132246	2.766466939	2.344241863	0.92177732	1.831091296	0.854905998	1.225126763	1.591831068	0.851824723	0.582068154	0.865477651	2.807820164	1.07498307	10.97033405	2.304089277	3.832947444	1.778069445	0.826729559	4.306843817	1.817796548	1.502506739	0.851628064	1.923446198	1.182815887	0.456588872	1.736036811	1.878377036	1.353115867	0.798240669	0.720327723	0.543177034	1.434863518	1.735178358	3.270929146	0.893194899	0.3999107	2.628125297
1	GLV	ester		C8H14O2	cis-3-hexenyl acetate	2019	0.174293427	0.012485103	0.072509774	0.0145111	0.187518315	0.100259639	0.054368554	0.044325707	0.267227345	0.043995601	0.297421644	0.035761915	0.003023087	0.045553182	0.008522509	0.09862802	0.160283984	0.050081576	0.063504705	0.060477276	0.071599077	0.193823523	0.071739402	0.035179754	0.186626447	0.408030811	0.286879836	0.01165741	0.064720109	0.236056652	0.135677495	0	0.039942568	0.031179224	0.015960469	0.121030315	0.1557429	0.00874237	0	0.070132841
1.009	MT	MT		C10H16	a-phellandrene	2019	0.005565305	0.000978564	0.000920871	0.003469339	0.016081607	0.013103945	0.009477682	0.013869378	0.006394463	0.015310629	0.031520623	0.012054952	0.009229723	0.012799948	0.01669174	0.010452816	0.032977776	0.014174013	0.015469347	0.020369011	0.029273668	0.04600856	0.065018803	0.041289247	0.009959211	0.023421853	0.034676911	0.013604857	0.014225818	0.042896625	0.010846349	0.003314397	0.018617907	0.00417934	0.025887978	0.038322126	0.015201516	0.006992587	0.011300156	0.065035744
1.022	MT	MT		C10H16	3-carene	2019	0.007157432	0.001225434	0.001743921	0.006834408	0.010240834	0.00568481	0.006713614	0.012133309	0.022295576	0.011467376	0.018570756	0.010188924	0.007871722	0.012935637	0.041435	0.023128496	0.06756403	0.026462104	0.029188604	0.04671816	0.048377684	0.055670892	0.024955496	0.037570007	0.012080306	0.022834195	0.020638351	0.003233128	0.020781133	0.03186166	0.010449857	0.00150314	0.006519121	0.002986437	0.021268615	0.019106531	0.020597663	0.00881168	0.030161448	0.034274774
1.034	MT	MT		C10H16	mt	2019	2.26184E-05	0	9.18211E-07	0.000399187	0.000514023	0.000542072	0.000491398	0.000419319	0.000107319	0.000641407	0.002016453	0.001549383	0.003064168	0.002036843	0.000900178	0.000814534	0.001494547	0.002735877	0.000741774	0.000498281	0.001112002	0.001018364	0.000136627	0.002758991	0.001873053	0.004648924	0.002641486	0.000224166	0.001376132	0.001081822	0.001208826	9.4899E-05	0.000787402	6.81936E-06	0.001808387	0.00091129	0.000379007	0.00033635	0.001074275	0.000738819
1.037	OTHER	nitro	?	C7H9N	4-cyanocyclohexene	2019	0.039062979	0.029325155	0.043892616	0.279199752	0.16906536	0.0834023	0.05110925	0.061753499	0.045326858	0.069761174	0.61513773	0.016580411	0.011537426	0.060862384	0.035967586	0.014386084	0.090121215	0.020771342	0.011567411	0.00936156	0.036538799	0.149133564	0.23842696	0.06139661	0.040770281	0.085637464	0.02883695	7.142090885	0.07442395	0.032918134	0.028668121	0	0	0.00150179	5.828876375	0.104853797	0.013949731	0.010115409	0	1.553714393
1.043	OVOC	alcohol		C8H18O	2-ethyl-1-hexanol	2019	3.105479953	0.226145731	1.445415175	3.639834523	3.026366357	0.759204746	1.808766744	0.968963992	5.88518612	4.444554857	6.847471586	1.89793605	1.486987215	3.697211607	7.387334433	7.69223959	7.214815819	1.779650033	0.817239047	1.633694268	1.801163429	5.442004943	3.784940049	0.661774258	1.871897901	5.933624658	2.207318224	0.744835233	4.06307943	10.06537133	8.700484403	1.415128615	0.478441394	0.967294511	3.22993718	1.242466645	0.940968154	1.086859986	1.121648189	1.067976941
1.05	MT	MT		C10H14	p-cymene	2019	0.186099151	0.12372592	0.09172731	0.147032708	0.112274715	0.112855495	0.204638525	0.167529472	0.210108886	0.164879733	0.384262475	0.044951106	0.062213277	0.287098521	0.068807806	0.13606193	0	0.065882709	0.065849952	0.04927162	0.007901789	0.015728537	0.275495637	0.159129384	0.16990239	0.22347143	0.11867269	0.151060874	0.107624172	0.100622594	0.106622816	0.03613354	0.040031939	0.040066182	0.11172079	0.269316594	0.087766196	0.075131954	0.071470354	0.633468498
1.059	MT	MT		C10H16	d-limonene	2019	0.104663099	0.023848053	0.027132002	0.114154291	0.140964436	0.12164178	0.099733243	0.149669832	0.175680671	0.10453176	0.136409122	0.061804036	0.034541945	0.086849177	0.240713834	0.15389464	0.305935974	0.134367194	0.127389952	0.301725386	0.281400144	0.28197684	0.195059056	0.12717994	0.066384495	0.121801223	0.094487127	0.044845437	0.112514055	0.116584762	0.07380037	0.035736648	0.041686547	0.030778328	0.111084043	0.170012198	0.100444775	0.053052686	0.179349839	0.528079942
1.062	OVOC	oBz		C7H8O	benzyl alcohol	2019	0.096736288	0.020857194	0.025853778	0.04349408	0.055964935	0.049718179	0.05157802	0.064615658	0.071510807	0.05924454	0.07313803	0.058241154	0.029825249	0.051168516	0.069470108	0.059090538	0.083352682	0.04170397	0.094779327	0.071865535	0.108911849	0.115907529	0.037595385	0.087553	0.063342586	0.067444975	0.098530868	0.045167003	0.034036131	0.084554109	0.069076502	0.030580529	0.055581192	0.040341441	0.11359988	0.074014728	0.040039141	0.05246387	0.028177622	0
1.067	oMT	oMT		C10H18O	eucalyptol	2019	0.019991114	0.014303535	0.024479032	0.045390322	0.13028429	0.084371798	0.111081513	0.103008531	0	0.107684942	0.150462555	0.079488912	0.006380461	0.074893827	0.378515937	0.050481195	0.504684183	0.025998364	0.148825027	0.146446684	0.069231654	0.107610312	0.194672445	0.095386362	0.030932681	0.070772367	0.120363668	0.029348018	0.018680337	0.21457782	0.088993365	0.049406274	0.054711288	0.050320975	0.095303331	0.086220531	0.049847308	0.058835465	0.026193551	0.138957954
1.087	MT	MT		C10H16	ocimene	2019	0.222765659	0.051106157	0.100535411	0.11123139	0.15778154	0.121484398	0.116498597	0.15040238	0.235170041	0.173161257	0.216569389	0.171565029	0.201450313	0.277861031	0.226035512	0.234783634	0.568086636	0.176915552	0.311486802	0.153997968	0.098767348	0.428081591	0.288389089	0.151047562	0.179492368	0.362303618	0.359888602	0.145771443	0.247438684	0.368958643	0.186627363	0.156961019	0.151758662	0.148430232	0.273352967	0.201323198	0.205483313	0.103763598	0.051317523	0.141885311
1.084	HC	alkane			alkane	2019	0.007268573	0	0.006756111	0.005161051	0.036830463	0.00858403	0.026412524	0.025611691	0.028644778	0.034814698	0.045795228	0.010892091	0	0.009736668	0.116112674	0.030444118	0.102966874	0.033328425	0.073004922	0.064735603	0.034908657	0.03444902	0	0.017235275	0	0.017356188	0.022491238	0	0.022445959	0.040424347	0.004086828	0.006440056	0.005963398	0.006827789	0.00756606	0.028777125	0.020329329	0.010066753	0.006204924	0
1.093	HC	alkane		C10H20	alkane	2019	0	0	0	0	0.331790306	0.324169533	0	0.150354796	0	0	0	0	0	0	0.272060114	0	1.140120104	0	0.636619101	0.484262032	1.046069074	0.859449591	0.878664134	0	0	0	0	0	0	0	0	0	0	0	0	0.27151601	0.321703435	0.246948954	0.597527866	4.185380095
1.117	MT	MT		C10H16	y-terpinene	2019	0.026133958	0.010166737	0.017558658	0.013850137	0.077624741	0.047919473	0.06444307	0.057900321	0.036105812	0.06442355	0.092256091	0.045391498	0.019084675	0.041580879	0.107007998	0.050962112	0.147216413	0.092057018	0.096843837	0.089994648	0.064521764	0.170868552	0.139636492	0.100111764	0.031751551	0.059504277	0.073224993	0.022633636	0.058737408	0.083063162	0.031528236	0.026016983	0.043630704	0.047944358	0.053585127	0.100309213	0.097075161	0.064648417	0.051189634	0.133758491
1.133	OVOC	oBz		C8H8O	acetophenone	2019	2.762286213	1.066973453	1.441058728	1.826894211	1.840995157	1.374461271	1.464352158	1.3845831	2.741358584	2.504343339	3.08196733	1.965116796	2.736914649	3.650384496	2.983218992	3.542144564	3.809780661	3.202551782	2.659318185	3.204052052	2.0723814	4.20517167	4.181085483	1.874216831	1.811778747	3.618223596	4.019939676	1.682634019	2.222368699	4.195536161	1.742575842	1.762349266	1.846649153	1.689547088	3.105729499	2.258865741	2.462786781	1.476546126	2.827458539	2.649940286
1.139	OVOC	oBz		C8H8O	4-methyl-benzaldehyde	2019	0.618446906	0.304647012	0.299312208	0.442876995	1.214265232	1.095845425	0.680474412	0.850815386	0.530183915	0.822723148	0.896239143	0.838593962	0.3643627	0.677399522	1.402532946	0.812072725	3.003126288	1.324525097	1.898069033	1.790517539	1.429555166	2.326341706	1.64313353	1.138459387	0.537716104	0.770497005	1.108168863	0.550165044	0.762973603	1.080340054	0.571786188	0.399926156	0.978598312	0.721361221	1.134435856	1.261254468	1.535910852	0.833834675	0.872899491	1.592537867
1.168	OVOC	oBz		C9H12O	a,a-dimethyl-benzenemethanol	2019	0.012793992	0.002798958	0.008244742	0.019709369	0.012996977	0.006545517	0.018599093	0.005790838	0.047954741	0.015574468	0.01681393	0.010308205	0.014710618	0.01654493	0.028675549	0.032824452	0.03526187	0.020835855	0.014851172	0.022025017	0.009413082	0.035518505	0.041050919	0.015220531	0.015578106	0.027328198	0.023967319	0.007142988	0.005267353	0.033296497	0.004484876	0.002676543	0.002420429	0.005714068	0.0178135	0.021776805	0.012790622	0.009591333	0.014691895	0
1.177	MT	MT		C10H16	terpinolene	2019	0.022426241	0.006606217	0.012740514	0.022758408	0.025048029	0.013072993	0.016080577	0.016110797	0.033326816	0.02221191	0.038181901	0.026473526	0.033274835	0.048918961	0.069601046	0.053706025	0.120576888	0.046042517	0.055405099	0.061957747	0.059035571	0.080582759	0.063153518	0.035286995	0.01988563	0.051426704	0.059649122	0.010852006	0.032648377	0.092702994	0.014791432	0.019449142	0.016214259	0.015908655	0.050289574	0.031737443	0.038181123	0.013398434	0.035531645	0.028703218
1.162	HC	Bz		C10H12	bz	2019	0.029591949	6.10498E-05	0.001471527	0.009464195	0.038455412	0.036712751	0.033750594	0.045206727	0.010285495	0.041618342	0.048697977	0.01119814	0.007764662	0.02459634	0.050342798	0.024737273	0.066225311	0.031574151	0.048305986	0.066828352	0.055523604	0.086153496	0.155289494	0.064651947	0.016369098	0.037318624	0.051581377	0.017336915	0.025907809	0.035723689	0.00531994	0.002826027	0.01612046	0.006771781	0.033665582	0.116291094	0.063299709	0.020468912	0.020462471	0.477688298
1.167	oMT	oMT		C10H16O	fenchone	2019	0.005989837	0.000557304	0.007088411	0.002295251	0.00882923	0.007266547	0.008529061	0.007208169	0.007442541	0.00939024	0.022049868	0.002438236	0.002934098	0.005050016	0.037151639	0.013438019	0.0587398	0.015487287	0.024392772	0.029450794	0.020351876	0.026561552	0.030997349	0.011867374	0.011412281	0.011743201	0.014607049	0.008909402	0.011073248	0.01365136	0.003562045	0.008568652	0.000996357	0.001157827	0.012763063	0.00966167	0.017447152	0.004333159	0.006103516	0.026185857
1.186	HC	alkane		C11H24	undecane	2019	0.192894225	0.021813807	0.097231905	0.441970239	0.242379364	0.095736703	0.18943336	0.101483438	0.662159026	0.15384158	0.325049121	0.13264782	0.136054503	0.228850431	1.13926053	1.015575359	2.06784688	0.312382692	0.594136618	2.253814005	1.838843024	0.95527187	0.638958821	0.137159994	0.129101158	0.483200958	0.202441039	0.067044457	0.251386198	0.455969388	0.225604542	0.198470115	0.078708409	0.074368691	0.333786338	0.440028513	0.968390768	0.280419046	1.39595665	1.904396131
1.19	oMT	oMT		C10H18O	linalool	2019	0.043297161	0.004995548	0.021827135	0.057462207	0.133360314	0.070464195	0.07094717	0.045845476	0.109505999	0.058904271	0.154794474	0.040642074	0.036581216	0.05333707	0.397232671	0.155544629	0.886615434	0.080722341	0.359839091	0.3314589	0.424276474	0.39511994	0.267288424	0.048739971	0.036813563	0.140726473	0.126065683	0.023325638	0.089687285	0.146097375	0.040217743	0.057176574	0.015674781	0.012030655	0.08102023	0.158896287	0.355412674	0.058585776	0.177938553	1.230119501
1.175	HC	alkane		C13H28	alkane	2019	0.026548598	0.005024766	0.028411957	0.068953799	0.282932484	0.195885681	0.080643138	0.067564552	0.112176833	0.02486477	0.085006504	0.01884016	0.019415594	0.030946371	0.442814254	0.105651868	2.272504275	0.066802851	0.805845974	0.509745324	1.160133593	0.770444547	0.391590131	0.041155262	0.045943925	0.125008025	0.109385166	0.022975045	0.100701796	0.143737344	0.040860174	0.061855341	0.019784847	0.021681513	0.057163336	0.423725423	1.046037439	0.122659786	0.445155239	4.645958773
1.198	OVOC	aldehyde		C9H18O	nonanal	2019	1.464357434	0.680242775	1.756450576	1.075107559	3.938854702	3.495442662	1.966123787	3.20730623	2.468449923	1.537680472	2.918880921	2.021620012	1.649364845	1.933784397	6.79944076	2.419400444	19.08528901	4.872988789	12.30883609	3.062900049	1.366711301	5.778973012	3.953904858	2.117294625	2.310852396	4.001262384	3.106253189	1.073243661	4.156128012	3.487602593	2.228119862	4.145997197	1.608368626	1.191917252	4.056486768	4.638721834	4.916982223	2.348675917	2.147402054	7.348400142
1.196	oMT	oMT		C10H16O	a-thujone	2019	0.012886673	0.002082133	0.005161704	0	0.027799131	0.01407352	0.009870837	0.013739044	0	0.015142994	0.05472192	0.006642319	0.005905336	0.017562286	0.088696508	0.019719219	0.233735961	0.021741364	0.072952107	0.029989944	0.007380058	0.057420529	0.053595179	0.009122113	0.015790259	0.024166878	0.011671141	0.001446332	0.037327971	0.132406733	0.007151868	0	0	0.000907916	0.093431273	0.020201163	0.010003678	0.002896018	0	0
1.215	oMT	oMT		C10H16O	b-thujone	2019	0	0	0.00134846	0	0	0	0.005167106	0	0	0	0.005229844	0	0	0	0.04025385	0	0.027792668	0	0.006959964	0	0	0	0	0	0	0	0	0	0	0	0.000835363	0.006872059	0	0	0	0	0	0	0	0
1.278	OTHER	other	Y		other	2019	0.388257912	0.240360974	0.250645225	0.449375969	0.451971441	0.42348685	0.363544211	0.492303602	0.570678639	0.516069731	0.562012744	0.411831516	0.343214382	0.487725669	1.765371553	1.094818971	1.760017671	0.952961203	0.746187422	1.135068398	1.297056296	1.391317729	0.629235677	0.46583616	0.360512185	0.627367227	0.40393128	0.318530434	0.361548111	0.692264539	0.431967291	0.349339153	0.429222791	0.346874979	0.521115417	0.810407732	0.60845695	0.341144017	1.386413425	1.242033049
1.266	OVOC	oBz		C7H6O2	benzoic acid	2019	1.24022989	0.257061298	0.549784768	0.773472671	0.483585821	0.388697857	0.588890761	0.290595511	1.711565604	0.692598257	0.497627559	0.651575695	1.363771524	1.925673362	0.366092457	0.594997765	0.476638313	1.041786428	0.351407332	0.13036471	0.165789534	1.018925586	2.560876897	0.076240806	0.679273789	3.1660578	2.546767168	0.385843475	3.383244293	2.676973603	0.659630131	1.606097538	0.350524161	0.394646866	0.953557664	0.572078199	0.627584338	0.36441838	0.034204473	0.727486885
1.27	oMT	oMT		C10H16O	(+)-camphor	2019	0.081344823	0.031815738	0.022712566	0.039680138	0.051217716	0.038290659	0.056030449	0.042040925	0.052497669	0.072710809	0.248126199	0.027285814	0.033391335	0.175305112	0.202797826	0.057255376	0.425481297	0.11330534	0.177446621	0.220906041	0.132069411	0.187794297	0.563380558	0.125672763	0.105885701	0.129452362	0.110165381	0.078678907	0.130127716	0.135664614	0.028428471	0.025594374	0.010091467	0.013381711	0.055119748	0.099931043	0.108701187	0.042499581	0.052460829	0.743935161
1.304	oMT	oMT		C10H18O	(+)-borneol	2019	0.049021992	0.002187691	0.005540071	0.017541408	0.046604592	0.020994402	0.013198742	0.02276879	0.091758148	0.034242257	0.163464451	0.03102237	0.029386079	0.051792176	0.212284869	0.153830508	0.685779384	0.117218668	0.141265491	0.23477176	0.167129549	0.288771016	0.46503702	0.039182999	0.02744808	0.097616622	0.087219162	0.010856528	0.09704942	0.13493194	0.020771247	0.020140802	0.011473056	0.011142117	0.029625261	0.037220997	0.147591939	0.025434735	0.044550382	0.563162711
1.351	GLV	ester		C10H18O2	cis-3-hexenyl butyrate	2019	0.057649996	0.001646933	0.003544348	0.007172427	0.035908135	0.022266785	0.00927722	0.018474394	0.028417656	0.014938647	0.108025043	0.013053217	0.004064369	0.018671716	0.109141469	0.048603035	0.35046301	0.093154941	0.110431936	0.151098084	0.076188315	0.217137572	0.318325211	0.049367279	0.02493994	0.039854882	0.095496946	0.000587209	0.030627333	0.08562618	0.009270411	0.001798608	0.007550992	0.007940581	0.011547447	0.067228528	0.107476371	0.02580314	0.035959954	0.498032163
1.362	OVOC	oBz		C10H14O	a,a,4-trimethyl-benzenemethanol	2019	6.15164E-05	0.000120958	0	0	0	5.82421E-05	3.76638E-05	0.000104118	0	0	0	0	0.00029513	0	0	0	0	0	0	0.00050235	0	0	0	0.000269262	0.000199763	0	2.98693E-05	0.000354495	0	0	0	0	0.000144901	6.96005E-05	0.000193593	0	0	0	0	0.000247996
1.374	HC	alkane		C12H26	dodecane	2019	0.184428479	0.043754499	0.152883235	0.477167049	0.166140343	0.096460117	0.17314382	0.138495624	0.829734242	0.17227904	0.37214739	0.199036754	0.223467752	0.271507521	1.720112617	1.429901168	1.784874649	0.482127542	0.619368801	3.291942652	1.755738206	0.984950096	0.668455386	0.192980583	0.239708962	0.693331004	0.310724174	0.147268681	0.152910747	0.624489561	0.283663001	0.427756816	0.119610598	0.153028781	0.324032242	0.729198891	1.199105949	0.594760398	1.898668393	0.638014445
1.386	OVOC	oBz		C8H8O3	methyl salicylate	2019	0	0	0	0	0	0	0	0	0	0	0	0	0	0	0	0	0	0	0	0	0	0	0	0	0	0	0	0	0	0	0	0	0	0	0	0	0	0	0	0
1.388	OVOC	aldehyde		C10H20O	decanal	2019	0.818229461	0.23599238	0.691670606	0.413693173	1.269551071	1.038262756	0.94335461	0.779483116	1.267989275	0.949596116	2.018421162	1.002697629	1.075419608	1.828585953	2.448813918	1.80024016	9.03118905	2.147651445	2.38930334	1.520391888	0.715620017	2.410109573	3.26270116	1.124148834	1.23098623	3.016349135	1.789889223	0.519403747	3.055999605	2.732539274	1.580250187	1.233918931	0.613574746	0.704861266	2.941514343	0.981901871	1.898381142	0.882823553	0.731456607	5.335304426
1.495	oMT	oMT		C12H20O2	bornyl acetate	2019	0	0	0	0	0	0	0	0	0	0	0	0	0	0	0	0	0	0	0	0	0	0	0	0	0	0	0	0	0	0	0	0	0	0	0	0	0	0	0	0
1.552	HC	alkane		C13H28	tridecane	2019	0.181298205	0.036161009	0.126645367	0.392545719	0.124657467	0.054919373	0.154528379	0.152392456	0.928668172	0.175246427	0.327958218	0.267337492	0.30250045	0.337900815	3.028644045	1.750865889	2.313695328	0.812889936	1.027334461	4.957306003	2.180517615	1.42121794	0.955016288	0.231760149	0.24218883	0.935777597	0.398461111	0.171017662	0.200107062	1.043400711	0.343178496	0.76690163	0.136548525	0.301025278	0.430961021	0.487307418	1.03070079	0.405067164	2.136149323	0.596368471
1.507	OTHER	nitro	?	C8H7N	indole	2019	0.111373114	0.014943988	0.002799918	0.003598059	6.59386E-05	4.91176E-06	0.004476759	0.000109235	0.002843917	7.06107E-06	0.000189138	0.00011816	2.73769E-05	8.10021E-05	0.000301573	0.000141613	0.006032385	0.003425575	0.077588971	0.018657704	0.005856743	0.023045644	0.035096265	6.51209E-06	0.009338087	0.019202381	0.012281931	3.75886E-06	0.017774594	0.010738457	0	0.00332557	7.43259E-06	0.000255523	0	0.001762553	0.014851847	6.54182E-06	0.000133743	0.024033282
1.588	OTHER	other	Y		other	2019	0.014621534	0.008028412	0.015101502	0.106815542	0.033168643	0.019282699	0.0242597	0.075619082	0.272807662	0.048881958	0.073964508	0.061995893	0.033844747	0.081454146	0.313270943	0.418717696	0.517129402	0.147100202	0.145774535	0.402149297	0.234071485	0.489981003	0.25187837	0.084623023	0.070956939	0.249676079	0.105334661	0.022790437	0.048681972	0.166183261	0.0428696	0.093447924	0.040427894	0.083621361	0.057831802	0.122764598	0.109352208	0.034041282	0.306280819	0.155785958
1.604	OVOC	oBz		C8H6O4	1,2-benzenedicarboxylic acid	2019	0.556529518	0.234771994	0.435676682	0.532819739	0.314790225	0.320371705	0.400464098	0.290513579	0.765590862	0.428485859	0.469908599	0.541290638	0.718427519	1.068595164	0.234781914	0.506120213	0.24747409	0.748517784	0.235485561	0.064366954	0.008690524	0.328896382	0.952965778	0.18104062	0.417285107	0.875588863	0.800315405	0.308514634	0.624744367	0.855088088	0.356481563	0.505552393	0.266875656	0.33216921	0.522053068	0.288352048	0.397127943	0.255322279	0.008861121	0.175083513
1.648	HC	alkane		C14H30	tetradecane	2019	0.144172048	0.053040334	0.087860525	0.180252215	0.126257722	0.107696493	0.155433621	0.273454098	0.343021502	0.198064112	0.358354649	0.19504292	0.154753041	0.285540924	0.634717661	0.419194591	0.417170108	0.268460647	0.391223179	0.411545652	0.381795915	0.334223436	0.476538652	0.20383604	0.230813886	0.471769145	0.297581091	0.120785227	0.223817446	0.513458191	0.395528652	0.235584195	0.18240866	0.197804468	0.209122563	1.338792997	1.338403022	1.023163739	1.676813226	0.535880566
1.7	ST	ST		C15H24	st	2019	0.000709871	0	0	0.000286476	0.000558556	0.000312393	0.001977354	0.006838299	0.03482797	0.003025109	0.005659911	0.003613031	0.001217015	0.004069181	0.008400275	0.022314801	0.033653596	0.023398194	0.002505637	0.023285247	0.004997822	0.024955157	0.0282379	0.000478914	0.005724093	0.021914324	0.018583724	0.00171748	0.025760528	0.025894896	0.015848606	0.000368178	0.00253765	0.00334927	0.002537043	0.002634104	0.001437388	0.000234499	0.019772034	0.045322195
1.792	ST	ST		C15H24	b-caryophyllene	2019	0.000734841	0.000240992	0	0.002271988	0.001833883	0.002003342	0.001606833	0.008867359	0.022993686	0.005009592	0.034191283	0.00696945	0.005845959	0.009938968	0.009116076	0.021502275	0.054052592	0.023618333	0.004765275	0.039866991	0.015328745	0.024882105	0.056230498	0.007587463	0.012306707	0.054547702	0.03550104	0.001940393	0.02139396	0.03930863	0.027187554	0.003067694	0.003291569	0.008445837	0.006490039	0.005321957	0.005941088	0.001047549	0.012608655	0.088437159
1.818	ST	ST		C15H24	st	2019	0.004957524	0	0	0.003971634	0	0.003045223	0.003522478	0.021501145	0.031978551	0.010958087	0.015282355	0.008785839	0.008955805	0.033124555	0.024187144	0.024976679	0.022340659	0.02886866	0.014964191	0.033598949	0.016600463	0.035130269	0.043100233	0.040041608	0.027912478	0.031792913	0.028576213	0.0018664	0.040451948	0.036339225	0.033696557	0.026060713	0.01768141	0.031604432	0.043951462	0.002890815	0.001194512	0.004132381	0.026746506	0.050507282
1.823	ST	ST		C15H24	aromandendrene	2019	0.003037828	0.000617399	6.81569E-06	0.001491837	0.001557866	0.001337517	0.000756641	0.005181556	0.010435125	0.00515817	0.025565512	0.005468489	0.00131692	0.007551006	0.00433872	0.011818184	0.01655633	0.006505766	0.001970085	0.013011422	0.003438101	0.010608676	0.017334628	0.004824996	0.008919719	0.016428159	0.014013835	0.000600384	0.010608003	0.016441305	0.012127959	0.002456408	0.002281221	0.012700104	0.005916455	0.005020305	0.002843463	0.000983201	0	0.011398565
1.835	ST	ST		C15H22	st	2019	0.000803181	0	0	0	9.03999E-05	0	0.001173485	0.002547469	0.004808292	4.64317E-05	0.004300526	0.002009362	0.001534958	0.002278314	0.00408252	0.005289151	0.014651711	0.003251921	0.005316129	0.007717514	0	0.003739567	0.004416005	0.001511967	0.003118016	0.004286633	0.004785932	0.001780845	0	0.013180521	0.00517998	0	0.000966858	0.002296256	0.000936455	0.001949054	0.007092343	0	0.001182741	0.012722587
1.846	ST	ST		C15H24	a-humulene	2019	0.007713548	0.000193576	0.000278024	0.000500484	0.000791667	0.001400713	0.001352731	0.002505455	0.007532316	0.001957215	0.001238758	0	0.001412469	0.000194266	0.002535672	0.025923951	0.020137147	0.003669968	0.008926687	0.085603399	0.006725923	0.005585859	0.02023163	0.002468454	0.004028735	0.008254806	0.009483336	0.001145271	0.007386469	0.008648505	0.005064032	0	0	0.003892434	0.001027991	0.007493083	0.003455051	0.001959627	0	0.123173226
1.779	ST	ST		C15H24	st	2019	0.003592068	4.00407E-05	0.001989442	0.006280921	0.005949019	0.003935552	0.004050313	0.009110711	0.018745807	0.007411686	0.01602557	0.014002324	0.00934473	0.009439188	0.016505879	0.034739427	0.036712704	0.006207165	0.00853364	0.06481335	0.017319624	0.013650083	0.039021095	0.00978562	0.017640464	0.023348624	0.026821034	0.006401138	0.015418606	0.015750079	0.015799804	0.010513252	0.010168225	0.008098436	0.011514141	0.006539216	0.006850815	0.004239654	0	0.060568935
1.78	OTHER	other	Y		other	2019	0.058066054	0.047591963	0.094120448	0.271387694	0.062476388	0.064762184	0.073423041	0.143666999	0.544267473	0.102484607	0.095076003	0.0813434	0.072157948	0.08971526	0.216066211	0.200386635	0.276147498	0.091895088	0.196351836	0.083937422	0.052729499	0.33112499	0.327727651	0.124474832	0.16800584	0.339490687	0.208278515	0.141571681	0.115353228	0.249793154	0.236450001	0.423252378	0.169306175	0.240677632	0.240011457	0.208695823	0.170091127	0.136812444	0.225064104	0.22699716
1.898	ST	ST		C15H24	a-farnesene	2019	0.002344455	0.000434668	0.001902908	0.005675266	0.0064057	0.007522527	0.003654914	0.012928493	0.024830698	0.011147	0.010826311	0.016640206	0.005894433	0.007007091	0	0.055087634	0.053699548	0.031864315	0.010336777	0.101067013	0.021296116	0.033469654	0.057928033	0.013234954	0.018917933	0.026619237	0.023721431	0.005362808	0.020513235	0.023029117	0	0.004080623	0.009534311	0.016497043	0.009922955	0.002912533	0.002199614	0.002344822	0.017571863	0.079920302
1.807	ST	ST		C15H24	st	2019	0	0	0	0	0	0	0	0	0	0	0	0	0	0	0	0	0	0	0	0	0	0	0	0	0	0	0	0	0	0	0	0	0	0	0	0	0	0	0	0
1.812	OVOC	oBz		C14H22O	2,4-di-tert-butylphenol	2019	0.10954998	0.041342906	0.09792621	0.042492654	0.127311809	0.076936301	0.167485996	0.134371633	0.444313283	0.268373137	0.313214859	0.164973957	0.500450389	0.164501694	0.041415979	0.136318833	0.06139245	0.047601373	0.095042214	0.080845588	0.023099754	0.074167773	0.522390614	0.146650608	0.634865406	0.239359271	1.646998939	0.463077412	0.636964927	0.933154766	0.383030457	1.061845283	0.544940152	0.453649096	0.222196157	0.314523078	0.097516496	0.601953172	0.161550505	0.466923876
1.94	ST	ST		C15H24	a-bisabolene	2019	0	0	0	0	0	0	0	0	0.021890074	0	0.00501281	0	0	0	0	0	0.0102616	0	0	0.079048195	0	0.004083137	0.021899714	0	0	0.001167363	0.004086363	0	0	0.006722207	0.006518144	0	0	0	0.000961125	0	0	0	0	0
1.823	ST	ST		C15H24	st	2019	0	0	0	0	0	0	0	0	0	0	0	0	0	0	0	0	0	0	0	0	0	0	0	0	0	0	0	0.156515074	0	0	0	0	0	0	0	0	0	0	0	0
1.832	ST	ST		C15H24	st	2019	0.000163071	0.000283519	0	0.002851952	0.000171653	0.002708037	0.002127031	0.013324716	0.032280001	0.004454684	0.008817205	0.011738866	0.005990481	0.013659212	0.012385108	0.040340739	0.020036406	0.020873129	0.004814137	0.064667228	0.008202146	0.01615967	0.021715238	0.011135869	0.010410831	0.02089355	0.013120716	0.005919158	0.016648625	0.024296094	0.016827212	0.004597452	0.003775965	0.005697098	0.004097172	0.001955196	0.001535146	0.000655614	0.002967636	0
1.844	oST	oST		C15H26O	ost	2019	0	0	0	0.095933274	0	0.052693187	0.032433296	0.235726732	0.465518852	0.129571696	0.135256964	0.249752335	0.070993493	0.169363515	0.160876733	0.319025963	0.305166102	0.237431843	0.172990969	0.381017549	0.22401886	0.244420248	0.14680545	0.307097453	0.17271381	0.248812439	0.243234615	0.135798536	0.285922271	0.242190943	0.347303654	0.176865977	0.225657836	0.205736089	0.324098979	0.093208076	0.022477428	0	0.014731138	0.046849034
1.845	OTHER	sulfo	Y	S6	hexathiane	2019	0	3.35411E-06	0	3.86032E-05	0	3.83529E-05	1.70223E-05	0	0.000366657	4.77663E-05	7.92412E-05	0.00011503	0.000261061	6.08841E-05	0.475829548	0.00115067	1.548043824	0.00096311	0.019868876	0.002075444	2.20998145	0.006973632	0.0005961	0.000348675	0	0	9.82259E-05	0	9.97717E-05	0.000111368	0	0	0	5.22452E-05	9.20605E-05	4.24103E-05	8.24121E-06	1.13806E-05	0.00024363	0.006392677
1.852	ST	ST		C15H24	st	2019	0.000903098	0.000801032	0.003370277	0.011424694	0.019032018	0.006516836	0.009147042	0.018440929	0.047847948	0.007376193	0.014071186	0.019496163	0.008952729	0.008421422	0.035851123	0.044964682	0.034101592	0.036783967	0.012403216	0.081652278	0.027498399	0.024659176	0.053674216	0.011107255	0.019448804	0.02957074	0.022337482	0.00765595	0.016652	0.028212246	0.018343712	0.008034606	0.006268513	0.009470443	0.006436991	0.004508526	0	0	0.005291298	0.102528822
1.856	ST	ST		C15H24	trans-y-bisabolene	2019	27.62171491	6.971251595	14.37727657	17.86557617	7.664911949	8.048494227	13.68010672	10.73965988	44.17690761	14.87223258	16.39376145	15.1815501	43.27604237	62.01282611	8.008515043	33.31802592	7.867880401	29.58925147	12.13938085	3.748558555	0.724967609	16.0447011	54.58143394	6.120974084	19.50948767	59.62425352	72.48666789	19.46461804	35.40278569	61.99569633	23.48831651	34.78322974	18.26117965	17.80869967	31.6998499	4.346223502	4.477513041	2.15728045	0.205181225	18.39591583
1.861	ST	ST		C15H24	trans-a-bisabolene	2019	0.002634987	0.000924959	0.002648497	0	0.000760719	0	0	0	0.006943435	0	0	0	0.000353828	0.0019116	0	0.017996382	0	0	0	0.040924188	0	0	0.001665401	0	0	0	0	0.002800121	0	0	0	0	0	0	0	0	0	0	0	0.035590581
1.986	oST	oST		C15H26O	nerolidol	2019	0.028280532	0.002061886	0.004746022	0.116692443	0.028983892	0.168915113	0.112073758	1.447931335	2.510135818	0.178638936	0.453570159	0.494034001	0.202771298	0.328029478	1.10189124	6.50702745	1.878129935	2.63797797	0.618751633	17.5282544	1.810367026	2.062888037	1.930859369	0.580621995	0.84132438	1.190216384	0.928862486	0.05224906	0.6626571	0.950625397	0.768672093	0.333158878	0.733916645	0.134813341	0.369420961	0.41506203	0.292718827	0.284147158	0.222923407	3.371607597
2.037	OVOC	oBz	Y	C12H14O4	diethyl phthalate	2019	0.19855768	0.134806523	0.059973786	0.112289191	0.133937405	0.076205136	0.132300581	0.169390243	0.426214537	0.334246818	2.196656892	0.253455873	0.290478201	0.335228395	0.693354915	0.509035091	0.45325199	0.283922301	0.751821812	0.100278906	0.016424137	0.158488974	0.467392725	0.449201413	0.163748706	0.981092764	0.254988842	0.119216476	0.366151193	0.94678021	0.700860229	0.34300119	0.209356355	0.216099419	0.285284269	13.90630608	6.001201472	4.248610519	3.68621951	1.849204004
2.25	OVOC	ovoc	?		ovoc	2019	0.635645819	0.533656475	1.395247206	1.829608869	1.632819164	2.799759008	3.475957967	16.3558731	11.24422392	3.697012494	5.022413618	3.788259484	2.536802849	2.573815545	18.98919633	16.13425917	13.68174723	11.61411152	5.035553213	26.58043081	10.17807939	9.609928999	6.932133868	7.641792446	8.272398808	8.583883037	9.256027709	1.822812296	3.825605853	5.306111258	2.322026879	4.118649387	3.133363017	3.965934809	2.314041746	5.314015402	4.153180387	3.645886602	8.858151385	33.38506276
2.281	OTHER	nitro	?	C10H15NO2S	n-butyl-benzenesulfonamide	2019	0.454962212	0.166628459	0.390801474	0.498127071	0.514053224	0.379148253	0.464629383	0.55865823	0.645081692	0.713085784	1.022222876	0.578125458	0.644243034	0.870521306	1.073806214	0.789908807	0.920919325	0.756431993	0.513330069	0.420252273	0.566762779	0.783309713	1.773491192	0.352585042	0.689665684	1.825666829	1.474732298	0.592202223	2.192280535	1.44856429	1.251377349	1.044008938	0.564790145	0.620561054	0.987624532	0.402425773	0.100918835	0.116396736	0.119805771	1.390943611
2.298	OTHER	other	Y		other	2019	0.592986614	0.526491688	0.711615007	0.75372697	0.57686313	0.720913427	0.542040897	0.503696407	1.18187131	0.982005073	0.799181866	1.264455789	0.748072749	0.872329423	1.221844535	1.507387699	2.109537937	1.004297935	1.787166148	0.616468913	0.453456975	1.306794244	1.906501181	0.982449032	0.969100746	1.992461145	1.569585465	0.933161756	2.115143685	1.219300368	1.434050839	1.002148698	0.883639995	1.284806435	1.830562197	1.727485909	1.304410565	1.160315657	1.148833556	3.34203297
2.159	OVOC	oBz	?	C14H14O2	1,2-diphenoxyethane	2019	0.967362878	0.623758919	0.743829231	0.860891371	1.030366434	1.593605859	2.820097126	7.481226046	2.40906374	1.608782207	4.275408786	0.948843913	1.641400482	1.414533762	1.54424807	0.36092324	0.275701685	0.365948779	4.58870174	0.683476359	0.155594266	0.200280115	1.100571128	0.592549886	2.253228765	3.785191576	2.607896842	0.395531399	1.226381407	2.31799802	0.789929417	4.857144995	1.571230735	0.97765742	0.897413738	0.606005063	0.162899602	0.502560008	0	1.112557883
2.36	HC	alkane	?		alkane	2019	0.164227287	0.090962239	0.313525538	0.19345869	0.489509545	0.505085556	1.186893047	2.80756882	0.446419904	0.371298908	1.339644198	0.432398397	0.268551886	0.3376136	5.02312025	0.681741383	1.764775526	0.619181382	3.526801891	1.24378174	0.987570895	0.739363469	0.514343554	0.686490462	0.967270392	1.084358554	1.381926829	0.248758083	0.41765824	0.746653948	0.341854708	1.177763315	0.128927781	0.846275244	0.346717819	0.506517729	0.278710131	0.283547656	0.379251955	0.932799778