"RRT"	"Group"	"Class"	"Exclude"	"MF"	"VOC"	"X10.11_n_JUN.CDF"	"X1.1_c_JUN.CDF"	"X2.2_h_JUN.CDF"	"X3.3_hxn_JUN.CDF"	"X4.4_hxn_JUN.CDF"	"X5.5_h_JUN.CDF"	"X6.6_n_JUN.CDF"	"X7.7_hxn_JUN.CDF"	"X8.8_h_JUN.CDF"	"X9.9_n_JUN.CDF"	"X11.12_c_JUN.CDF"	"X12.19_c_JUN.CDF"	"X13.Blank_JUN.CDF"	"X1.1_c_AUG.CDF"	"X2.1_c_OCT.CDF"	"X3.2_h_AUG.CDF"	"X4.2_h_OCT.CDF"	"X5.3_hxn_AUG.CDF"	"X6.3_hxn_OCT.CDF"	"X8.5_h_AUG.CDF"	"X9.5_h_OCT.CDF"	"X10.6_n_AUG.CDF"	"X11.6_n_OCT.CDF"	"X12.7_hxn_AUG.CDF"	"X13.7_hxn_OCT.CDF"	"X14.8_h_AUG.CDF"	"X15.8_h_OCT.CDF"	"X16.9_n_AUG.CDF"	"X17.9_n_OCT.CDF"	"X18.11_n_AUG.CDF"	"X19.11_n_OCT.CDF"	"X20.12_c_AUG.CDF"	"X21.12_c_OCT.CDF"	"X22.19_c_AUG.CDF"	"X23.19_c_OCT.CDF"	"X24.Blank_AUG.CDF"	"X25.Blank_OCT.CDF"	"X7.4_hxn_AUG.CDF"	"Year"
0.209	"OTHER"	"sulfo"	"Y"	"O2S"	"sulfur dioxide"	4.778793226	6.013771202	7.053607319	4.65274753	4.285724998	5.855868251	7.40573954	4.832187596	3.679612194	5.214099455	4.219735249	4.219498567	5.838510009	38.12384784	25.75273727	35.7678802	26.5683743	52.54564889	22.98719759	55.06036516	22.63285532	46.73907363	21.76978066	24.89363014	24.05387437	1.475325042	21.31886816	26.62273674	20.80882782	30.45830942	24.9182808	7.315613717	21.66771067	25.9190518	21.9472376	11.43818841	18.61917074	25.91570981	2018
0.238	"HC"	"alkane"	"?"	"C5H12"	"2-methyl-butane"	61.61596487	1.915820873	1.284751662	1.870613728	1.585710779	1.672821733	1.353621806	1.282581257	1.674070806	1.21033427	1.707280408	1.659798107	1.158551322	NA	NA	NA	NA	NA	NA	NA	NA	NA	NA	NA	NA	NA	NA	NA	NA	NA	NA	NA	NA	NA	NA	NA	NA	NA	2018
0.243	"OTHER"	"nitro"	"?"	"C5H11NO"	"1-(dimethylamino)-2-propanone"	18.34608965	2.341214179	2.514068007	2.376255815	1.765794751	2.412681599	2.475519631	2.379000806	3.003279231	2.299231118	2.804244421	1.931057344	2.241926563	NA	NA	NA	NA	NA	NA	NA	NA	NA	NA	NA	NA	NA	NA	NA	NA	NA	NA	NA	NA	NA	NA	NA	NA	NA	2018
0.228	"ISO"	"isoprene"	""	"C5H8"	"isoprene"	9.698299773	7.858859791	3.732396983	7.238054869	4.397719726	5.612337579	5.846813702	3.82666244	5.210068388	3.218475539	5.257645792	7.15720888	4.711854476	11.2894252	1.910105498	9.473268459	2.697540324	4.554754951	2.744030938	6.411358904	2.615736698	15.59135602	2.448134307	4.437931378	2.826158236	18.08127603	2.251594159	8.10416801	4.005173647	15.01625098	3.28519252	3.927442595	2.43113242	3.846576952	3.320007293	7.046261497	2.738259086	4.092504618	2018
0.258	"OTHER"	"other"	"Y"	"C2H7P"	"dimethylphosphine"	0	0.413778675	0.323052681	0.250479833	0.105595953	0.265885261	0.306403316	0.202287018	0.231154189	0.11344606	0.229384754	0.176562229	0.220602125	NA	NA	NA	NA	NA	NA	NA	NA	NA	NA	NA	NA	NA	NA	NA	NA	NA	NA	NA	NA	NA	NA	NA	NA	NA	2018
0.26	"OVOC"	"ester"	"Y"	"C3H6O2"	"acetic acid, methyl ester"	56.52303049	0.081227078	0.049009882	0.063551734	0.024414129	0.065593963	0.046022002	0.045096616	0.133126933	0.029286407	0.05685555	0.0517178	0.040198433	NA	NA	NA	NA	NA	NA	NA	NA	NA	NA	NA	NA	NA	NA	NA	NA	NA	NA	NA	NA	NA	NA	NA	NA	NA	2018
0.255	"OTHER"	"other"	"Y"	""	"other"	3.034341089	3.091491521	4.171247853	1.482474085	1.735936165	3.132769131	3.393404396	1.902960909	2.565122964	2.945018263	2.810319708	2.641213734	2.429638532	6.293731868	3.116155573	1.270187717	2.701173581	8.814128015	1.814390281	6.186409718	1.078438433	6.531244516	5.565626997	3.056819339	2.589229929	3.417176161	3.288465299	2.471438444	2.080997327	1.594497047	1.884517255	1.140381394	1.088526074	2.377003059	1.792018867	1.575811448	2.805345925	5.897617052	2018
0.27	"OTHER"	"sulfo"	"Y"	"CS2"	"carbon disulfide"	7.647489124	0.142061027	0.170799034	0.128667924	0.101189303	0.146648134	0.157817652	0.096448453	0.082336782	0.118535542	0.11215516	0.106171348	0.306887883	1.367370623	0.56030271	2.102815118	0.566700319	2.552761545	0.577689908	2.875880395	0.629532823	1.933254277	0.563190466	0.685148882	0.766202429	0.729787447	0.489089299	0.706550743	0.559746482	0.746294716	0.657140889	0.651366306	0.529985826	0.679810015	0.642272717	0.638105848	0.463965496	2.693544971	2018
0.264	"OTHER"	"other"	"Y"	"C3H10OSi"	"trimethylsilanol"	6.37196722	0.780949955	1.612739522	0.479530839	0.575529234	0.510419535	0.757849702	1.237929613	0.780563992	0.516397859	1.270599254	1.013387103	0.602433393	2.993462488	3.969734915	3.529859134	3.153572173	3.072817952	2.653220909	3.215180455	2.865781217	3.360034074	5.163533508	2.746073452	4.686766591	3.217248818	2.497311709	1.975886814	2.156281935	2.097196525	2.545594347	0.596133615	2.836166193	3.509189648	2.729806152	2.030441649	1.972985102	3.799803636	2018
0.285	"HC"	"alkane"	""	"C5H10"	"cyclopentane"	819.5261016	1.900057527	1.654455521	1.589970705	1.276635558	1.87730812	1.761078652	1.509394663	3.545353251	1.167461068	2.605715906	1.796449703	1.786153905	2.683889429	1.127321613	3.530765844	1.402967814	2.850645378	1.372398427	2.831685445	1.373406118	3.733123446	1.297492815	2.078402952	1.591253569	2.052420041	1.284562814	1.84834797	1.861003209	2.252024101	1.478369862	2.533066156	1.524249614	1.652659608	2.038598461	2.176247482	1.175479828	4.150094027	2018
0.305	"OVOC"	"ketone"	""	"C4H6O"	"2-butanone"	39.49968241	4.395080791	4.497742423	2.80771365	1.984098988	3.074731814	4.305342884	3.572247712	3.971647626	2.650006454	4.438885081	2.594311767	3.714779011	1.99078911	1.870607658	3.439256153	2.543985582	2.427501467	2.861505357	2.520540384	2.404457271	3.297119287	2.564583372	2.402445022	2.371590984	4.184225427	2.295612711	1.772831298	3.496618144	2.540540964	2.512592654	2.243850147	2.194025088	2.834180479	2.467920659	2.645548944	2.176770498	2.987058868	2018
0.306	"HC"	"alkane"	""	"C6H14"	"hexane"	1508.168059	3.146325309	1.978999831	1.96807243	1.645285484	3.39618843	1.961571257	1.32315462	9.104567583	1.187161683	3.46092592	2.022033575	2.06345334	2.737981157	0.961408944	0.93797933	1.280622614	0.84261739	1.154011195	0.983021601	1.375790707	1.085419175	1.849433087	0.799585783	3.5549171	1.054476979	2.439200481	0.502880848	3.655053652	0.920161409	2.770278903	0.529380826	0.986761762	0.836605292	1.563694339	0.691678553	1.084911898	3.921278085	2018
0.313	"OVOC"	"furan"	""	"C5H6O"	"2-methylfuran"	2.979569005	1.370542016	1.196616423	0.741917315	0.667413175	0.894121419	1.23993405	1.110756153	1.143084992	0.731298138	1.732510179	0.878630674	1.193761668	1.164063976	0.671457263	1.523593001	0.999578008	1.006036563	1.096976048	1.25882192	0.930685298	1.45343716	0.889588009	1.073753669	0.847021249	1.420822463	0.822445048	0.97151738	1.357169513	1.198117869	0.91689688	1.09661746	0.862505863	1.088032	0.960348202	0.96150618	0.741054501	1.326528348	2018
0.321	"OVOC"	"ester"	""	"C4H8O2"	"ethyl acetate"	44.5168832	0.691781332	0.524082798	0.364939673	0.391340651	0.384313766	0.727742609	0.439604043	0.676839286	0.388641281	0.702324062	0.415545905	0.459327596	NA	NA	NA	NA	NA	NA	NA	NA	NA	NA	NA	NA	NA	NA	NA	NA	NA	NA	NA	NA	NA	NA	NA	NA	NA	2018
0.325	"OVOC"	"ester"	"Y"	"C3H6O3"	"carbonic acid, dimethyl ester"	3.392444479	0.253033147	0.325572724	0.276957782	0.104531956	0.098076226	0.138793818	0.279433167	1.267701135	0.701707318	0.445616845	0.110416627	0.220347975	0.008047005	0.003369732	0.007126052	0.003423941	0.016180415	0.001843589	0.006423988	0.00112579	0.005802993	0	0.000303393	0.003002846	0.015395161	0	0.003870581	0	0	0	0	0.000710212	0.006391782	0.001928315	0.006648024	0.001508398	0.011221741	2018
0.325	"OTHER"	"halogen"	"Y"	"CHCl3"	"halogen"	80.78679706	0.160863041	0.079917029	0.115128565	0.098607944	0.137235002	0.078469596	0.065273336	0.318509388	0.0414098	0.180590918	0.138345713	0.08994023	NA	NA	NA	NA	NA	NA	NA	NA	NA	NA	NA	NA	NA	NA	NA	NA	NA	NA	NA	NA	NA	NA	NA	NA	NA	2018
0.327	"OTHER"	"halogen"	"Y"	"CHCl3"	"trichloromethane"	83.42691486	0.141583713	0.06865913	0.097712065	0.089578744	0.123016331	0.075805427	0.054789106	0.234556498	0	0.150344379	0.125990669	0.081040455	1.034633713	0.257907772	0.471219713	0.50559204	0.324682495	0.426407327	0.451207708	0.197123256	0.387852345	0.232669628	0.355092601	4.923740873	0.326314088	4.371167729	0.187960744	0.215643687	0.381202889	0.30233707	0.242887767	0.323959765	0.402992459	0.597954131	0.173815907	0.224435562	0.336323631	2018
0.338	"OVOC"	"ester"	""	"C4H8O2"	"methyl propionate"	0	0.287076431	0.156204642	0.182900708	0.157227273	0.135787165	0.161327149	0.096518183	0.221904425	0.108360091	0.165846247	0.15573801	0.123201914	0.049559987	0.041681483	0.007579756	0.039776372	0	0.065266059	0	0.094558316	0.008933885	0.083613293	0.040775893	0.128862278	0.047612626	0.07880008	0.014342172	0.157384906	0.038306365	0.102493735	0.008376337	0.063128361	0.039903542	0.070215065	0.034594391	0.070756064	0.018327505	2018
0.338	"OVOC"	"furan"	""	"C4H8O"	"tetrahydrofuran"	0	0.691233061	0.589590941	0.560711354	0.434321606	0.61167995	0.600229842	0.516581139	2.44208704	0.57351579	6.368326975	3.839790796	0.542902352	0.276504412	0.123369102	2.800136438	0.128560514	0.181057599	0.147367525	0.193228267	0.132818974	0.224078498	0.183409143	0.124635101	0.09680954	0.165170902	0.137108811	0.12135571	0.627938193	0.184019029	0.475380727	0.109777217	0.108327492	0.191996016	0.180658661	0.158678944	0.105853512	0.327447591	2018
0.339	"HC"	"alkane"	""	"C6H12"	"methyl cyclopentane"	46.78030594	1.45219003	0.642221524	0.922750208	0.776406901	0.602502741	0.57935735	0.373184208	0.777510255	0.378401385	0.470028636	0.444961235	0.48947135	NA	NA	NA	NA	NA	NA	NA	NA	NA	NA	NA	NA	NA	NA	NA	NA	NA	NA	NA	NA	NA	NA	NA	NA	NA	2018
0.377	"HC"	"Bz"	""	"C6H6"	"benzene"	3.391372735	2.424370461	2.420527244	1.477171217	1.249298658	1.422861138	2.426192521	2.044093877	3.488764101	1.43292687	4.616776727	1.479972834	1.820333798	5.694772521	4.295700896	7.457166936	5.436941937	4.986295387	5.362277441	5.007642915	5.334492856	5.653734735	5.180459002	4.357882276	5.196733	4.753463784	4.546440943	3.409151549	8.424458099	5.970501624	5.421054966	7.240809791	4.534676308	5.99903595	5.86598294	5.025445175	4.388555175	8.595696707	2018
0.382	"OVOC"	"furan"	""	"C5H10O"	"furan"	0.350294405	0.273014847	0.256518794	0.18197889	0.161383528	0.192642702	0.242931479	0.241923303	0.439245048	0.158584119	0.258410361	0.206738788	0.208967122	NA	NA	NA	NA	NA	NA	NA	NA	NA	NA	NA	NA	NA	NA	NA	NA	NA	NA	NA	NA	NA	NA	NA	NA	NA	2018
0.389	"HC"	"alkane"	""	"C7H16"	"3-methyl-hexane"	8.172116953	2.28822291	1.448273953	1.447780019	1.416768545	1.316228297	1.440746997	1.074144419	6.334660826	0.954654155	1.047877099	2.250042792	1.108481409	1.907520119	2.464524146	0.531434668	3.254803672	0.763100287	3.630735561	0.772424368	6.242262255	0.786864194	4.881437856	3.211954721	5.251234333	4.262985212	3.858656011	1.575230946	9.596953504	2.998475409	5.412441756	0.710938861	4.239787925	3.374888669	4.75414583	2.262438439	5.132023376	0.635371223	2018
0.393	"OTHER"	"other"	"Y"	"C2H8O2Si"	"dimethyl-silanediol"	0.732895136	0.623322176	0.633832959	0.558547845	0.267884854	0.181888978	0.296728471	0.681989296	1.024839611	0.693940362	0.293175014	0.297092214	0.306863653	0.580368582	0.680542886	0.45971077	1.152051753	1.350242684	0.4118035	0.614173301	0.314747494	0.443649389	1.805976905	0.36866575	0.519722751	1.491244389	1.163479104	0.477830963	0.833462548	0.18465042	0.477168861	0.298439259	0.450242063	0.795258869	0.544145874	0.590212285	0.579301901	0.302730701	2018
0.401	"HC"	"alkene"	""	"C6H10"	"cyclohexene"	4.258148793	6.137097216	4.060395762	4.141091711	0.713504497	2.986031874	3.463124048	2.647913028	1.806890333	0.650631326	2.821401827	2.931339118	3.786494095	4.951651188	1.122798607	2.544805101	0.919180981	2.07156064	0.619715484	3.003880197	1.13750986	4.246036632	0.968841874	1.516900189	1.802327925	2.331427755	1.114129987	1.305920028	1.100089117	2.578609964	1.13427449	1.127929688	0.781271016	1.340055247	1.026562281	1.322781977	1.154297338	2.318448827	2018
0.396	"OVOC"	"ovoc"	""	"C4H8O2"	"1,3-dioxane"	21.36915162	0	0.090353104	0	0.025654404	0.0343904	0.072234839	0.043693599	0.045362093	0.050978967	0.124003826	0.044048957	0.059349607	1.587470908	0.496680766	2.044287494	0.724878263	1.325761537	1.309613814	1.835868193	1.26875197	2.397286404	1.056006134	1.386122753	1.362050338	1.972148382	0.551493356	0.527917268	1.787457342	2.556077988	0.715027187	2.001760974	0.628800269	2.520971298	1.220589544	1.439264744	0.725628721	2.121412195	2018
0.404	"OVOC"	"ketone"	""	"C5H10O"	"2-pentanone"	4.000541651	0.319641864	0.731974561	0.138405808	0.100720759	0.223736368	0.76031538	0.682603802	0.52904078	0.294267325	0.739464055	0.255948674	0.520674808	0.445150038	0.248508875	0.812157877	0.524917233	0.502547065	0.490005581	0.4915243	0.382564871	0.714650585	0.42383919	0.38233732	0.456932011	0.4835586	0.368534507	0.239754957	0.996768002	0.366307515	0.390478845	0.419963466	0.322343491	0.528157357	0.37002222	0.47465327	0.322374347	0.947221456	2018
0.406	"HC"	"alkane"	""	"C8H18"	"2,2,3,3-tetramethyl-butane"	4.720502957	5.007347326	2.408287808	2.85246695	2.594030408	1.666907706	2.251058985	1.486444181	1.790984473	1.285417334	1.457182757	1.712945369	1.75378563	1.569374492	0.76422123	0.718268374	0.666007607	0.878800095	0.805321687	0.954793059	0.965691545	1.105260265	0.760935567	0.317768866	1.783569091	0.339383009	0.84413183	0.229224446	0.873445323	0.562481664	0.987135226	0.262309705	0.697300884	0.205467292	0.733643033	0.242334732	0.560369758	0.723390959	2018
0.42	"OVOC"	"aldehyde"	""	"C6H12O"	"ovoc"	29.03698097	2.889357249	6.169044794	1.017765374	1.864528443	1.738161984	5.688928869	5.536158011	4.313805985	2.341456656	6.456857506	1.83257889	4.314305123	NA	NA	NA	NA	NA	NA	NA	NA	NA	NA	NA	NA	NA	NA	NA	NA	NA	NA	NA	NA	NA	NA	NA	NA	NA	2018
0.418	"OVOC"	"ketone"	""	"C5H10O"	"3-pentanone"	2.574539481	0.626440921	0.976727695	0.195561302	0.480205156	0.283795595	0.874313802	0.820243081	0.640451697	0.388707796	0.91247716	0.315842927	0.693696192	0.449726236	0.299326289	0.908533438	0.616786407	0.444094974	0.781670408	0.48553521	0.608332375	0.702518092	0.674740973	0.546692527	0.699487059	0.7783688	0.479428162	0.309337147	1.328109577	0.568705884	0.526613887	0.460046228	0.530652061	0.882366436	0.553214028	0.619894181	0.492898425	0.82123847	2018
0.421	"HC"	"alkane"	""	"C7H16"	"heptane"	9.136385597	2.749005655	1.991381762	1.516311782	1.547664185	1.300776509	1.633613584	1.435101967	3.197280887	1.273451261	1.92927924	1.573832823	1.297999327	1.858971257	1.760129184	1.402750261	2.28570163	1.154403587	2.583184373	1.08720608	4.110936554	1.202126629	3.523483446	2.035142638	3.286684984	2.861567287	2.369766683	1.229601405	5.303010759	2.14573437	3.501993618	1.099908464	2.86568326	2.282845872	3.813731803	1.618768517	3.327740261	1.365780772	2018
0.44	"OTHER"	"other"	""	"C8H16"	"2,4,4-trimethyl-1-pentene"	0.623965215	0.660152676	0.448767254	0.453223515	0.193472752	0.652682531	0.579909582	0.730389044	0.70637259	0.199603475	0.512075204	0.460221485	0.313821553	0.673570628	1.457104743	1.117100591	5.059422691	1.44091212	2.234506834	0.627804598	3.566923937	1.016291538	2.207525083	3.912937679	2.17313573	4.966195278	1.931893108	1.451664282	2.137871348	8.113231157	3.095360303	2.945024047	1.978502845	2.584802437	3.496893843	4.684022171	1.239415456	0.64314741	2018
0.456	"OVOC"	"ester"	""	"C5H10O2"	"butanoic acid, methyl ester"	2.734886105	0.011511148	0.007441955	0	0	0	0.004893347	0.00687999	0.012427824	0.005181974	0.010085562	0.00480648	0.002503037	0.005289368	0	0.004460567	0.003557653	0.009779892	0	0.004481667	0	0.006714542	0.005527026	0.003213914	0.00271575	0.009049764	0.005208386	0.002980191	0.007252338	0	0	0.002445059	0	0.005480707	0.001557037	0.008438792	0	0.027086074	2018
0.498	"OTHER"	"sulfo"	"Y"	"C2H6S2"	"dimethyl-disulfide"	2.075028039	0.030888558	0.069699606	0.012767196	0.011325196	0.026302451	0.040988722	0.049696418	0.022181039	0.009644999	0.032806878	0.010888835	0.039678596	NA	NA	NA	NA	NA	NA	NA	NA	NA	NA	NA	NA	NA	NA	NA	NA	NA	NA	NA	NA	NA	NA	NA	NA	NA	2018
0.535	"HC"	"Bz"	""	"C7H8"	"toluene"	23.39785747	5.75400815	3.375235984	3.331064349	2.522996285	2.23613999	3.183107968	2.317394277	3.020251756	1.601168181	5.063354752	2.079606087	2.791415972	2.936561796	1.55978604	2.428766461	2.164735254	3.059751814	2.201899295	2.049482643	2.057540004	2.667181675	1.871533112	1.667007712	3.288723565	1.513395743	2.081576503	1.211500746	2.274753198	1.885312522	2.195918484	1.885671762	1.543713991	1.374025878	1.932266738	1.296417494	2.154749456	2.71951874	2018
0.54	"HC"	"Bz"	""	"C7H8"	"bz"	5.534056984	0.2119935	0.310755618	0.083167997	0.090452126	0.085555917	0.298664667	0.165204479	0.151998457	0.118505331	0.342425862	0.116891978	0.18598289	NA	NA	NA	NA	NA	NA	NA	NA	NA	NA	NA	NA	NA	NA	NA	NA	NA	NA	NA	NA	NA	NA	NA	NA	NA	2018
0.571	"HC"	"alkene"	""	"C8H16"	"1-octene"	9.376908321	5.924575303	3.425394706	1.996538852	1.863435643	1.837053306	3.327120922	2.676176391	2.428977609	1.85935319	5.068583216	2.827225039	4.502341858	1.066853982	0.622862773	1.810645672	1.590472619	0.966330979	2.159088415	0.926899501	1.645849243	2.336226822	1.176352404	1.494826608	1.406939186	1.557486529	1.236219707	0.937255616	2.012153292	2.15582106	1.353753465	1.665705393	1.246639793	1.273242187	1.091834788	1.531833613	1.190805976	1.456534094	2018
0.574	"OVOC"	"ovoc"	""	""	"ovoc"	8.4439227	0.540844678	0.616676516	0.214338498	0.160609041	0.237773119	0.517069702	0.48575166	0.555901945	0.405572215	0.567160658	0.226739609	0.562826353	0	1.224446812	3.172187818	2.097799376	2.109008626	2.227841338	0	1.620076827	0	1.970541581	1.691562699	1.672081923	1.892911446	1.730828862	1.330591151	2.392645639	1.995084841	2.062142605	2.042432432	1.186781917	1.890334525	0	2.021471155	1.192920297	4.742981653	2018
0.587	"HC"	"alkane"	""	"C8H18"	"octane"	9.057561683	2.188176447	1.460534349	1.442291142	1.723888806	1.032827383	1.657361703	1.293667359	1.575336656	1.457494314	1.923236784	1.424655013	1.538708026	0	13.88723263	49.02527223	25.7042505	29.56231019	26.63095263	0	17.91433819	0	26.02062472	22.93834097	19.74074034	23.14662053	21.78468804	14.64793518	27.37977178	28.51180224	31.36551699	34.29079301	13.89402599	30.12841384	0	33.24501588	16.77109636	90.03515916	2018
0.587	"GLV"	"aldehyde"	""	"C6H12O"	"hexanal"	246.3607834	4.067530684	9.444417079	2.58772928	12.23356349	4.310900278	8.849656249	8.280282489	6.426189336	7.285886928	10.34792796	4.157531715	5.871709727	0	1.138290793	3.236912761	2.993180795	2.475316816	4.806389011	0	3.181020046	0	3.495281331	2.590192675	2.617371842	4.922129442	2.666251969	4.077005952	3.935124479	3.249851008	3.132475166	1.325696847	1.18597133	1.563402809	0	0.740669018	1.122033375	3.619433097	2018
0.588	"OVOC"	"ester"	""	"C6H12O2"	"butanoic acid, ethyl ester"	64.21920756	0.019521252	0.06290117	0.007934394	0.032272569	0.022906193	0.033121573	0.030989544	0.057694232	0.026533168	0.14592614	0.046123456	0.018945376	NA	NA	NA	NA	NA	NA	NA	NA	NA	NA	NA	NA	NA	NA	NA	NA	NA	NA	NA	NA	NA	NA	NA	NA	NA	2018
0.613	"OVOC"	"ester"	""	"C6H12O2"	"acetic acid, butyl ester"	69.35446714	0.054957927	0.058578908	0.043599143	0.150923632	0.039542567	0.075564006	0.091165521	0.075228909	0.160649764	0.139794208	0.097912865	0.061116928	NA	NA	NA	NA	NA	NA	NA	NA	NA	NA	NA	NA	NA	NA	NA	NA	NA	NA	NA	NA	NA	NA	NA	NA	NA	2018
0.615	"OTHER"	"halogen"	"Y"	"C2Cl4"	"tetrachloroethylene"	1.968346149	0.115852133	0.047351999	0.078833488	0.079352796	0.038631975	0.041513156	0.023337587	0.033400808	0.026259853	0.039837791	0.039053696	0.030559201	NA	NA	NA	NA	NA	NA	NA	NA	NA	NA	NA	NA	NA	NA	NA	NA	NA	NA	NA	NA	NA	NA	NA	NA	NA	2018
0.622	"OTHER"	"other"	"Y"	"C6H18O3Si3"	"hexamethyl-cyclotrisiloxane"	19.5201526	5.799786008	5.828619244	1.47384207	3.032260845	2.311520549	6.651359484	6.889112057	5.181799692	2.758720644	9.291005238	3.065184977	3.428480007	2.908635302	3.882344418	16.43893231	3.804094958	7.507122225	16.63610283	5.09295711	7.268010858	5.956353795	18.9038104	11.61504297	33.3913386	12.86314918	5.829970554	4.498615791	7.239140116	5.723276579	6.210125059	2.315884019	3.264952899	240.2927889	6.893122404	6.453121584	4.253319431	9.465821657	2018
0.63	"HC"	"alkane"	""	"C9H20"	"2,4-dimethyl-heptane"	4.767603268	5.49394714	2.719727747	3.261764516	2.104562897	1.422129443	1.542170662	0.792927771	0.519859993	0.604929908	1.181129643	0.822934966	1.129397272	6.42415372	1.373315321	2.303938886	0.684090531	1.21911127	1.000722565	1.789512037	0.881298762	2.657255859	0.545758883	0.664938545	1.252164094	1.019157813	0.444591403	0.580490289	0.647936012	1.231555214	0.591370053	0.434856415	0.389072364	0.419253506	0.376543447	0.529803304	0.38391707	1.286285795	2018
0.636	"HC"	"alkene"	""	"C8H14"	"1,3-octadiene"	0.061008114	0.01580111	0.049669612	0.020036216	4.284677392	0.035818934	0.081826878	0	0	0.292112954	0.108931824	0.026412931	0.05934766	NA	NA	NA	NA	NA	NA	NA	NA	NA	NA	NA	NA	NA	NA	NA	NA	NA	NA	NA	NA	NA	NA	NA	NA	NA	2018
0.653	"OVOC"	"furan"	""	"C5H4O2"	"2-furaldehyde"	6.214007442	4.312307923	2.6401442	1.676969305	1.753403627	3.753669274	4.290760264	2.405595171	2.425812652	2.513169655	3.181769434	3.35237901	2.114284996	0.99332277	0.80784778	1.153455171	1.047307595	1.291440103	1.188196192	1.073796407	1.18325626	1.160934667	1.277487093	1.366589323	0.961702132	1.854034414	0.977876074	1.576967367	1.538189698	1.113276844	1.443462624	0.47038485	0.715894236	1.022848518	0.819123164	0	0.539981654	2.740160649	2018
0.656	"OVOC"	"ovoc"	""	""	"ovoc"	0.976937646	0.5408093	0.984210992	0.345882831	0.520736356	0.432517057	1.106836788	0.884119962	1.030429608	0.892963024	1.040995668	0.425264848	0.610404822	NA	NA	NA	NA	NA	NA	NA	NA	NA	NA	NA	NA	NA	NA	NA	NA	NA	NA	NA	NA	NA	NA	NA	NA	NA	2018
0.691	"GLV"	"aldehyde"	""	"C6H10O"	"trans-2-hexen-1-al"	13.91460203	6.281385036	5.306491651	4.009501972	7.239951235	4.297583619	6.411903034	5.111743377	4.867806835	4.783279643	5.623538975	4.002073099	4.013842159	0	0	0	0	0	0	0	0	0	0	0	0	0	0	0	0	0	0	0	0	0	0	0	0	0	2018
0.696	"GLV"	"alcohol"	""	"C6H12O"	"cis-3-hexen-1-ol"	0	0	0	0	0.161298434	0	0.004809337	0	0	0	0	0	0	0	0	0	0	0	0	0	0	0	0	0	0	0	0	0	0	0	0	0	0	0	0	0	0	0	2018
0.715	"HC"	"Bz"	""	"C8H10"	"ethylbenzene"	5.049628156	0.387284894	0.245657654	0.221075613	0.187680763	0.155009265	0.223215993	0.184862999	0.16329357	0.137326005	0.286954489	0.150505446	0.18806414	NA	NA	NA	NA	NA	NA	NA	NA	NA	NA	NA	NA	NA	NA	NA	NA	NA	NA	NA	NA	NA	NA	NA	NA	NA	2018
0.732	"HC"	"Bz"	""	"C8H10"	"p-xylene"	13.62477363	10.4283073	6.80568986	7.575336438	1.312176108	4.417542126	3.894322346	3.615939796	2.477903784	0.969764588	6.436340655	2.532127143	6.093802834	3.378758238	0.828662367	1.970634876	1.478783448	1.90978484	1.213177323	1.875282978	1.295301464	2.748549494	0.961946688	1.334048035	1.733381013	1.709266174	1.067352987	0.868024102	1.239838408	1.701966163	1.209430744	1.148487832	0.855600048	0.914690025	0.999078354	1.106314235	1.235992632	2.129607209	2018
0.735	"OVOC"	"ester"	""	"C7H14O2"	"1-butanol, 3-methyl-, acetate"	19.152153	0.235356737	0.256546816	0.153295478	0.166899782	0.141787919	0.276411515	0.289600008	0.265042629	0.167074077	0.30929997	0.153171011	0.185464956	NA	NA	NA	NA	NA	NA	NA	NA	NA	NA	NA	NA	NA	NA	NA	NA	NA	NA	NA	NA	NA	NA	NA	NA	NA	2018
0.741	"OVOC"	"ester"	""	"C7H14O2"	"1-butanol, 2-methyl-, acetate"	73.98335701	0.044432441	0.124711225	0.032254329	0.041324138	0	0.09845713	0.137052435	0.082400639	0.045400948	0.25024892	0.055764474	0.084716529	NA	NA	NA	NA	NA	NA	NA	NA	NA	NA	NA	NA	NA	NA	NA	NA	NA	NA	NA	NA	NA	NA	NA	NA	NA	2018
0.765	"OVOC"	"ketone"	""	"C7H14O"	"2-heptanone"	7.146125533	0.463734216	1.384924698	0.25500481	0.495533809	0.271368972	1.093608007	1.126988304	0.942668631	0.752105725	1.411268873	0.295397572	0.756829054	NA	NA	NA	NA	NA	NA	NA	NA	NA	NA	NA	NA	NA	NA	NA	NA	NA	NA	NA	NA	NA	NA	NA	NA	NA	2018
0.766	"HC"	"alkene"	""	"C9H18"	"1-nonene"	3.839226698	2.085312489	2.150310583	0.619906232	0.668717855	0.861500221	2.088327048	1.887900086	1.442756603	1.01814497	3.599525799	1.302018389	2.83646563	NA	NA	NA	NA	NA	NA	NA	NA	NA	NA	NA	NA	NA	NA	NA	NA	NA	NA	NA	NA	NA	NA	NA	NA	NA	2018
0.77	"OVOC"	"acid"	""	"C6H8O2"	"sorbic acid"	1.322570604	0.209793876	0.208226875	0.079856553	0.102587403	0.07355305	0.192893863	0.194800992	0.15821343	0.086465772	0.212493629	0.068708752	0.127418194	0	0	0	0	0	0	0	0	0	0	0	0	0	0	0	0	0	0	0	0	0	0	0	0	0	2018
0.775	"HC"	"Bz"	""	"C8H8"	"styrene"	14.70986649	0.179631981	0.182428448	0.098877976	0.103509584	0.109502793	0.22179996	0.182657211	0.152313473	0.098273283	0.248626402	0.129134713	0.153154223	NA	NA	NA	NA	NA	NA	NA	NA	NA	NA	NA	NA	NA	NA	NA	NA	NA	NA	NA	NA	NA	NA	NA	NA	NA	2018
0.781	"HC"	"Bz"	""	"C8H10"	"o-xylene"	4.613485314	1.535330775	0.836055792	0.792387598	0.617589572	0.485421	0.641778619	0.530762783	0.494728105	0.395120452	0.761926272	0.437979746	0.529686374	1.863025707	0.327400389	0.655829598	0.480931059	0.655671278	0.471219891	0.679914373	0.502891896	0.870896436	0.379377348	0.422279199	0.625410313	0.470237369	0.428796324	0.329408294	0.455486355	0.539086787	0.424179638	0.320957983	0.264281567	0.324298083	0.354647405	0.297014452	0.308503695	0.678860285	2018
0.797	"OVOC"	"ovoc"	""	"C6H14O2"	"2-butoxy ethanol"	158.9029201	0.203394025	0.243420251	0.187195265	1.188038777	0.098005105	0.180526825	0.219221804	1.088013071	1.136972424	0.6139667	0.204610694	0.225656859	NA	NA	NA	NA	NA	NA	NA	NA	NA	NA	NA	NA	NA	NA	NA	NA	NA	NA	NA	NA	NA	NA	NA	NA	NA	2018
0.843	"MT"	"MT"	""	"C10H16"	"a-tricyclene"	0.511076602	0.313860396	0.20692618	0.209813519	0.143954523	0.084324413	0.177110568	0.097817348	0.060742515	0.044696259	1.107886166	0.219115383	0.667360134	NA	NA	NA	NA	NA	NA	NA	NA	NA	NA	NA	NA	NA	NA	NA	NA	NA	NA	NA	NA	NA	NA	NA	NA	NA	2018
0.844	"HC"	"Bz"	""	"C9H12"	"(1-methylethyl)benzene"	0.852891725	0.038609932	0.032782266	0.025113923	0.024142337	0.020461977	0.033202425	0.02765422	0.033876789	0.021060838	0.028014016	0.020871201	0.024780286	NA	NA	NA	NA	NA	NA	NA	NA	NA	NA	NA	NA	NA	NA	NA	NA	NA	NA	NA	NA	NA	NA	NA	NA	NA	2018
0.848	"MT"	"MT"	""	"C10H16"	"b-thujene"	7.252905318	0.010665868	0.006639766	0.007856192	0.011944252	0.003177649	0.005820756	0.001757905	0	0.005593686	0.033308857	0.005941261	0.028445034	NA	NA	NA	NA	NA	NA	NA	NA	NA	NA	NA	NA	NA	NA	NA	NA	NA	NA	NA	NA	NA	NA	NA	NA	NA	2018
0.866	"MT"	"MT"	""	"C10H16"	"a-pinene"	29.823079	0.106956204	0.099144042	0.084066773	0.352836845	0.096847027	0.143073659	0.108363862	0.061570793	0.224061098	0.096303082	0.093564752	0.280542606	0.059745258	0.018322248	0.041106173	0.041238696	0.081978291	0.386538318	0.058891667	0.047704756	0.084626655	0.059123084	0.062444486	0.702794348	0.052135257	0.116014251	0.02265828	0.053292646	0.040578216	0.052531357	0.017952602	0.028666967	0.065289308	0.033301602	0.038257745	0.025646659	0.121681325	2018
0.9	"MT"	"MT"	""	"C10H16"	"camphene"	10.72600339	3.772137445	2.485023203	2.536323172	4.277542239	1.071969566	2.212377669	1.302019955	0.87968748	0.56752396	17.35855418	2.562308216	8.315812014	1.531759353	0.260350524	2.051020431	0.509653538	0.497473247	3.245440056	0.778391084	0.644442495	2.058922612	0.507604464	0.839946795	1.526723339	1.043485296	0.719360964	0.354431162	1.049450025	1.686013134	0.668273036	0.895276702	0.376661121	0.848068994	0.488565947	0.756912273	0.404869234	0.894448884	2018
0.905	"OVOC"	"ovoc"	""	""	"ovoc"	0	0	0	0	0	0	0	0	0	0	0	0	0	0.004628049	0	0.015667875	0.014432902	0.024087855	0.037315557	0.011767114	0.003395865	0.012605169	0.029267603	0.016289846	0.012225839	0.042093708	0.035861134	0.014007185	0.035977358	0.01819478	0.019051953	0	0	0.014555186	0.00468781	0.002233596	0	0.035466412	2018
0.911	"HC"	"alkane"	""	""	"alkane"	10.38800843	0.069676825	0.067626354	0.023868182	0.136273678	0.02916143	0.06190425	0.051988049	0.081932509	0.051308837	0.071101968	0.031950227	0.049340943	0.003241114	0.004576295	0.002922434	0.001329141	3.39805e-05	0	0.002316413	0.005786676	0.003031844	0	0.00128727	0.003633563	0	0	0.001256862	0	0.002507884	0.00123358	0.009645379	0.006281166	0.001736807	0.004320192	0.004202711	0.004930052	0	2018
0.919	"OVOC"	"oBz"	""	"C7H6O"	"benzaldehyde"	152.5754189	67.15693957	70.73210171	39.4571172	40.19782011	51.08361174	86.05114676	59.44180368	89.19659919	38.96498553	58.67203127	49.13413605	54.25462517	19.05595983	12.59526117	24.35237452	18.0433018	21.49667689	18.64155476	21.73448297	18.79107849	27.04109561	19.03289517	22.08060501	19.90242107	30.49904487	13.7453187	15.19109593	25.79405021	23.62399333	18.56381476	11.11298378	15.29159644	27.83471686	14.84480691	14.18418841	12.41634304	27.93623225	2018
0.94	"OVOC"	"oBz"	""	"C6H6O"	"phenol"	11.52757864	4.519227481	6.109207291	3.757281148	6.817768442	3.401359076	5.114911842	5.178152222	15.07775363	11.21502325	8.662087278	3.947624752	4.02324595	2.672098171	2.094657645	2.720088923	3.31424723	4.427841488	4.520318938	3.427500023	2.421775933	3.50957601	4.195004674	3.22311497	2.829160035	5.131736047	4.28876134	2.57431432	4.156183877	2.483864346	2.855081318	0.642588277	1.424756443	3.947960056	2.108053824	1.719088095	1.403236288	6.196012522	2018
0.943	"OVOC"	"ovoc"	""	""	"ovoc"	0.521173251	0.040275761	0.050820045	0.025842178	0.252698886	0.028095155	0.055783294	0.042528947	0.047735058	0.070255417	0.068953837	0.030130097	0.026975367	0.041884402	0.031467367	0.059794616	0.062431267	0.085517207	0.082593595	0.047316753	0.058904227	0.048922937	0.073288417	0.05472327	0.053802224	0.14316466	0.058123058	0.045657159	0.073902948	0.069289761	0.052107349	0.020909178	0.029059749	0.069512149	0.04557415	0.03539718	0.025052133	0.063139674	2018
0.944	"OVOC"	"alcohol"	""	"C8H16O"	"1-octen-3-ol"	0	0.32802473	0.525139432	0.257140479	44.37743544	0.417320511	0.848547825	0.524243584	0.603783666	0	0.723217079	0.492902896	0.32234215	NA	NA	NA	NA	NA	NA	NA	NA	NA	NA	NA	NA	NA	NA	NA	NA	NA	NA	NA	NA	NA	NA	NA	NA	NA	2018
0.946	"MT"	"MT"	""	"C10H16"	"mt"	15.43089903	0	0	0	0	0	0	0	0	0.133115059	0	0	0	NA	NA	NA	NA	NA	NA	NA	NA	NA	NA	NA	NA	NA	NA	NA	NA	NA	NA	NA	NA	NA	NA	NA	NA	NA	2018
0.954	"OVOC"	"ovoc"	""	"C8H16O2"	"trans-1,3-dimethoxy-cyclohexane"	1.669872448	0	0	0	0	0	0	0	0	0	0	0	0	NA	NA	NA	NA	NA	NA	NA	NA	NA	NA	NA	NA	NA	NA	NA	NA	NA	NA	NA	NA	NA	NA	NA	NA	NA	2018
0.958	"MT"	"MT"	""	"C10H16"	"b-pinene"	35.95759025	0.027801594	0.035669635	0.024521344	0.131486185	0.038686095	0.047454888	0.039129307	0.020158879	0.112960403	0.039114348	0.022482954	0.029804718	0.056325788	0.040104934	0.040230792	0.064381158	0.077988053	0	0.057504988	0.06113037	0.069131303	0.068526317	0.067762602	0.07593028	0.133266901	0.062085915	0.061000808	0.080722721	0.057123094	0.065827157	0.021447491	0.038367226	0.057063806	0.040880695	0.039810188	0.030947956	0.133256581	2018
0.962	"OVOC"	"ketone"	""	"C8H14O"	"6-methyl-5-hepten-2-one"	55.96025368	1.739568	2.617274658	2.357443859	41.80191513	1.839243234	4.513640795	2.370353519	3.289603217	17.88630371	2.871488559	1.78765106	1.468272401	NA	NA	NA	NA	NA	NA	NA	NA	NA	NA	NA	NA	NA	NA	NA	NA	NA	NA	NA	NA	NA	NA	NA	NA	NA	2018
0.967	"OTHER"	"nitro"	"?"	"C7H5N"	"benzonitrile"	0.664871059	1.392115895	0.599508183	1.103283828	0.478933675	0.836144967	1.085612744	0.452171698	1.553195348	0.485699354	0.551971743	0.700888928	0.523725822	NA	NA	NA	NA	NA	NA	NA	NA	NA	NA	NA	NA	NA	NA	NA	NA	NA	NA	NA	NA	NA	NA	NA	NA	NA	2018
0.971	"OTHER"	"other"	"Y"	"C8H24O4Si4"	"octamethyl-cyclotetrasiloxane"	0	1.390246071	5.232833147	0.531981558	1.721169448	0.671975717	4.238585477	4.593974461	2.613570968	1.05304183	5.02787504	0.834346706	2.222109417	1.190614797	1.074939434	4.508277082	1.491777171	3.736896614	9.176526405	1.708173019	3.294372674	2.239342193	3.719681842	4.626660768	8.265776941	2.584839403	1.758635661	1.373238675	5.124164405	3.186549125	2.497163845	5.315637684	1.816419072	151.0672569	1.622993166	5.962811195	1.962938024	3.436519385	2018
0.973	"MT"	"MT"	""	"C10H16"	"myrcene"	165.411242	0.13766771	0.113213814	0.146347979	0.454819397	0.163641673	0.184834224	0.168207582	0.145126524	0.27677863	0.183753198	0.137414632	0.145617024	0.403429045	0.185582568	0.335770941	0.261484767	0.36749545	0.508666503	0.306535059	0.272057413	0.362394819	0.352774937	0.333153045	0.277459109	0.4620652	0.297750481	0.298385074	0.440155079	0.333469937	0.323134504	0.15689778	0.233380327	0.399908601	0.267005852	0.223865285	0.171115864	0.494587773	2018
0.976	"OTHER"	"other"	"Y"	"C8H24O4Si4"	"other"	16.92674625	0.015297495	0.005132428	0.032091843	0.031781726	0.035390219	0.009676871	0	0.014188322	0.023703612	0.0062889	0.033167685	0.010240934	NA	NA	NA	NA	NA	NA	NA	NA	NA	NA	NA	NA	NA	NA	NA	NA	NA	NA	NA	NA	NA	NA	NA	NA	NA	2018
0.987	"HC"	"Bz"	""	"C9H12"	"bz"	3.998941743	0.248891295	0.244608033	0.137815691	0.133616424	0.116064318	0.222180035	0.200085088	0.199738989	0.139829789	0.2855116	0.121089439	0.176515922	NA	NA	NA	NA	NA	NA	NA	NA	NA	NA	NA	NA	NA	NA	NA	NA	NA	NA	NA	NA	NA	NA	NA	NA	NA	2018
0.995	"OVOC"	"aldehyde"	""	"C8H16O"	"octanal"	43.97136623	3.409179814	4.600226373	4.174360507	9.026568729	2.677496121	5.335097289	4.37593395	5.727228653	9.088634658	5.60607251	5.980465664	2.66394161	1.496368463	1.68468248	2.110595781	4.552697471	3.182697302	5.199941018	1.826294019	2.526905198	2.625533746	3.451795904	2.590397067	2.213069499	5.565810836	4.310166949	3.599005815	3.277350629	3.641836451	2.208898222	0.997404996	1.732730829	2.41130989	2.03423504	1.874256772	2.156220178	3.581183629	2018
1	"GLV"	"ester"	""	"C8H14O2"	"cis-3-hexenyl acetate"	7.837764679	0.639190669	0.339266935	0.159282739	0.43692473	0.119772955	0.246228714	0.219674108	0.188712629	0.281318917	0.792149953	0.168171608	0.163124418	0.047902508	0.066464038	0.06585894	0.073626434	0.089048256	0.093290075	0.060849702	0.058601619	0.070989762	0.075355235	0.09456211	0.062905488	0.081445778	0.129425193	0.055225089	0.106952278	0.061642968	0.082491326	0.053178854	0.042478969	0.077742854	0.065236173	0.09469601	0.078571677	0.131497734	2018
1.009	"MT"	"MT"	""	"C10H16"	"a-phellandrene"	12.61205481	0.062635524	0.074354641	0.022884369	0.122698564	0.050010504	0.118185502	0.099710509	0.088917275	0.072356931	0.231466889	0.062349508	0.07363477	0.13846841	0.119625236	0.26809364	0.245860441	0.244447762	0.52622185	0.206313234	0.217669109	0.234970978	0.266031621	0.248366639	0.226664233	0.256902541	0.294112207	0.179346364	0.347255285	0.206997733	0.282264226	0.096155129	0.140666637	0.260938676	0.170618393	0.173680574	0.112654535	0.435374209	2018
1.012	"GLV"	"ester"	""	"C8H16O2"	"acetic acid, hexyl ester"	48.67348639	0.586395677	0.869638454	0.413801981	0.631318546	0.616619688	0.933034257	0.779880047	1.119760348	0.819289965	1.741016829	0.663009971	0.557536324	NA	NA	NA	NA	NA	NA	NA	NA	NA	NA	NA	NA	NA	NA	NA	NA	NA	NA	NA	NA	NA	NA	NA	NA	NA	2018
1.017	"OTHER"	"sulfo"	"?"	"C8H18S"	"sulfo"	4.207597151	0.048353257	0.131494294	0.044157217	0.105768685	0.04800963	0.13041281	0.095657241	0.107834485	0.096667829	0.181898272	0.046421954	0.085697386	NA	NA	NA	NA	NA	NA	NA	NA	NA	NA	NA	NA	NA	NA	NA	NA	NA	NA	NA	NA	NA	NA	NA	NA	NA	2018
1.022	"MT"	"MT"	""	"C10H16"	"3-carene"	6.488255141	0.065194373	0.060629415	0.068878922	0.095173815	0.043335612	0.067424849	0.06946467	0.040570861	0.085303078	0.028187498	0.045195839	0.067918407	NA	NA	NA	NA	NA	NA	NA	NA	NA	NA	NA	NA	NA	NA	NA	NA	NA	NA	NA	NA	NA	NA	NA	NA	NA	2018
1.034	"MT"	"MT"	""	"C10H16"	"mt"	4.788993201	0	0	0	0	0	0	0	0	0	0	0.048458754	0	NA	NA	NA	NA	NA	NA	NA	NA	NA	NA	NA	NA	NA	NA	NA	NA	NA	NA	NA	NA	NA	NA	NA	NA	NA	2018
1.043	"OVOC"	"alcohol"	""	"C8H18O"	"2-ethyl-1-hexanol"	73.01465592	2.026785169	2.154128036	1.774295542	8.739809664	1.478656551	1.767242967	1.310229821	3.081915271	7.722688277	3.230165112	1.25138276	2.198654663	5.064256842	6.080340335	6.286886927	10.00860704	9.128739695	8.578836012	4.35451417	5.010160874	7.902038828	8.183367641	9.474460125	8.032887053	10.97408623	16.56210701	4.99486423	11.39799029	7.43383916	10.11087187	4.129036246	3.153909094	8.91042447	6.476528492	5.205622865	2.493865419	10.6686405	2018
1.05	"MT"	"MT"	""	"C10H14"	"p-cymene"	9.498502145	0.792769087	0.412883645	0.324181748	0.13825525	0.277114734	0.254372536	0.286833927	0.52646145	0.08403618	7.712444853	1.093680081	6.555909779	0.158865307	0.04236265	0.252447875	0.094488603	0.086989676	0.130873602	0.138367487	0.089768059	0.37286858	0.069934219	0.126065115	0.14185112	0.167349042	0.077474275	0.055822513	0.12123349	0.236751575	0.102701312	0.148115767	0.057283268	0.22216556	0.07179725	0.257535621	0.087851478	0.410898124	2018
1.059	"MT"	"MT"	""	"C10H16"	"d-limonene"	0	5.230539796	5.479464926	7.227938557	10.22088031	19.77947608	7.121049172	6.275398444	3.573302314	7.67203735	74.30629768	15.0585465	12.96632268	6.812272482	1.782877131	1.844908386	2.930924969	6.811595925	7.525962632	6.45129685	3.408651998	5.830828433	3.861329292	3.822364123	7.512923965	6.169990987	5.482342899	1.363214817	2.497868157	2.28851599	3.459757902	0.927953988	2.158787401	8.269365516	2.119304232	1.88334783	1.61387264	6.215664195	2018
1.062	"OVOC"	"oBz"	""	"C7H8O"	"benzyl alcohol"	0	0.456592421	0.523093827	0.396157251	10.10512205	0.509836517	0.665179836	0.602705481	0.797626233	3.099469724	0.830216761	0.453888296	0.550220314	NA	NA	NA	NA	NA	NA	NA	NA	NA	NA	NA	NA	NA	NA	NA	NA	NA	NA	NA	NA	NA	NA	NA	NA	NA	2018
1.067	"oMT"	"oMT"	""	"C10H18O"	"eucalyptol"	0	0.170608249	0.244607426	0.113611155	0.908153329	0.132596798	0.261992193	0.246563958	0.280922007	0.461952252	0.31863727	0.148073091	0.192902718	0.125836654	0.106967641	0.122799303	0.165537051	0.172421381	0.276597817	0.11727778	0.149394908	0.151261469	0.172232877	0.165694317	0.170771831	0.241433498	0.198426413	0.115069367	0.213933895	0.133614672	0.182799236	0.079745907	0.105456506	0.188085199	0.145060074	0.181175816	0.09909298	0.305669358	2018
1.077	"OTHER"	"halogen"	"?"	"C6H4Cl2"	"1,4-dichloro-benzene"	6.340090925	0.674189609	0.385339117	0.522488779	0.234975268	0.282954215	0.26232415	0.16413592	0.124215418	0.036851337	0.244613347	0.208032906	0.278937877	2.051801954	0.389495381	0.740617945	0.195075005	0.5203308	0.244681117	0.848593824	0.226502002	1.176890093	0.174776699	0.33446588	0.516537313	0.48397133	0.210620675	0.409259726	0.198056649	0.672642073	0.220806934	0.217514536	0.158425156	0.165862699	0.136422876	0.25100788	0.186225479	0.546552788	2018
1.087	"MT"	"MT"	""	"C10H16"	"ocimene"	5.299968216	1.142081897	1.72222079	0.780055948	2.085953901	1.162978142	1.872912584	1.394202362	1.616816704	1.151452409	1.347401422	0.766348304	1.075685748	0.522868625	0.349016256	0.27100427	0.3903485	0.856271717	0.653064016	0.666719682	0.337041366	1.036934449	0.519624821	0.660553943	0.419971455	1.045862106	0.46515314	0.455806497	0.364361765	0.611742167	0.419362438	0.124187553	0.191574077	0.399156704	0.269661665	0.307839418	0.152256847	0.997649042	2018
1.093	"HC"	"alkane"	""	"C10H20"	"alkane"	0.884931464	0.072967269	0.099277435	0.056464578	0.083734355	0.045639291	0.119653638	0.065423534	0.069549768	0.076170974	0.121295987	0.058438317	0.055695892	0.014622861	0.018804154	0.030379974	0.02517896	0.022865321	0.043968395	0.013376705	0.034679555	0.015780458	0.031810543	0.024033793	0.043600826	0.020249151	0.043299338	0.023863414	0.052294804	0.030020403	0.046279442	0.025692112	0.028598253	0.034525297	0.031643811	0.016638862	0.022274489	0.024192587	2018
1.105	"HC"	"alkane"	""	""	"alkane"	0	0.438306302	4.709668966	0.31523915	10.79016158	0.385450676	3.598859772	2.593652979	1.810082482	3.412611083	2.916519885	0.462955285	1.213561382	NA	NA	NA	NA	NA	NA	NA	NA	NA	NA	NA	NA	NA	NA	NA	NA	NA	NA	NA	NA	NA	NA	NA	NA	NA	2018
1.105	"HC"	"alkane"	""	""	"alkane"	46.91484108	0	0.315168382	0	0.856000354	0	0.137868589	0.060156638	0	0.167209076	0	0	0.096259834	NA	NA	NA	NA	NA	NA	NA	NA	NA	NA	NA	NA	NA	NA	NA	NA	NA	NA	NA	NA	NA	NA	NA	NA	NA	2018
1.11	"HC"	"alkane"	""	""	"alkane"	25.55218688	0.0201133	0.072954282	0.025213765	0.133420063	0.032237524	0.04939832	0.058523845	0.075457396	0.057685639	0.062310786	0	0.083895172	NA	NA	NA	NA	NA	NA	NA	NA	NA	NA	NA	NA	NA	NA	NA	NA	NA	NA	NA	NA	NA	NA	NA	NA	NA	2018
1.117	"MT"	"MT"	""	"C10H16"	"y-terpinene"	83.75639734	0.074238206	0.127901156	0.068322522	0.181844849	0.065733024	0.148120287	0.101578427	0.116920302	0.117224617	0.305397234	0.151357082	0.094073337	NA	NA	NA	NA	NA	NA	NA	NA	NA	NA	NA	NA	NA	NA	NA	NA	NA	NA	NA	NA	NA	NA	NA	NA	NA	2018
1.132	"oMT"	"oMT"	""	""	"omt"	0	0.497131268	0.520512078	0.658549438	0.703554362	0.443999951	0.599928354	0.553605062	0.548449884	0.903694413	0.300093419	0.434555191	0.501950129	NA	NA	NA	NA	NA	NA	NA	NA	NA	NA	NA	NA	NA	NA	NA	NA	NA	NA	NA	NA	NA	NA	NA	NA	NA	2018
1.133	"OVOC"	"oBz"	""	"C8H8O"	"acetophenone"	0	15.14097496	20.33389054	9.771763752	9.927766566	14.72474403	24.91330014	16.58248877	26.48276357	13.36152751	16.86881676	12.22066649	14.88733538	4.486121884	3.111259177	3.971933814	4.628231598	5.807620159	5.37983736	5.564529111	4.884069712	7.420355664	5.061312412	6.770093904	5.00431906	7.370991021	3.949683197	4.315457906	7.032795507	7.471946263	5.056264128	2.167315623	3.424557303	6.155775075	3.276192025	4.013210542	2.515750275	7.705421788	2018
1.139	"OVOC"	"oBz"	""	"C8H8O"	"4-methyl-benzaldehyde"	4.761762662	6.123501373	13.87583143	1.799479778	1.30301439	4.194618644	15.11304542	13.55407481	8.964707371	2.5330755	14.55401752	5.136879201	11.90849523	0.737333429	0.317605954	3.301833759	1.162349764	0.68352158	1.396812063	1.16433419	1.202702489	2.141374772	0.687596986	1.195741158	1.28396443	0.883401513	0.350707572	0.304392088	2.001600224	1.16935778	1.16926879	0.639114041	0.713256751	1.435504267	0.652104921	0.914884518	0.659047988	1.572094097	2018
1.141	"HC"	"alkane"	""	""	"alkane"	47.88447738	0.042033594	0.103675933	0.027222565	0.061314508	0.009204234	0.100514614	0.126404492	0.064850342	0.046345715	0.092211827	0.026946767	0.082288833	1.020762736	0.421640751	1.845062862	0.786302243	1.207790882	1.726382142	1.227297374	0.750050124	2.135701518	1.318987143	1.065487741	0.577879841	1.126023819	0.595328368	0.594257609	1.29956355	1.229177467	0.995220559	0.824060582	0.853413679	0.677575087	1.018209861	0.39113587	0.388820447	1.20888967	2018
1.168	"OVOC"	"oBz"	""	"C9H12O"	"a,a-dimethyl-benzenemethanol"	1.34131701	0.229051908	0.186853467	0.182226006	3.494197324	0.126078588	0.169311943	0.329143728	0.277410784	1.60777393	0.10298739	0.123523409	0.152310079	0.129152835	0.09380334	0.230524873	0.173411083	0.216648359	1.00301265	0.173360683	0.16357269	0.238662385	0.193145234	0.205303721	0.179695743	0.276978851	0.168557307	0.134263692	0.246891448	0.166430882	0.176319756	0.095797556	0.096412604	0.174867545	0.108597975	0.118070985	0.079218349	0.28686797	2018
1.177	"MT"	"MT"	""	"C10H16"	"terpinolene"	5.658539691	0.019735759	0.018148914	0.013940776	0.078568629	0.017932998	0.021590119	0.056955936	0.033528291	0.014269255	0.266304067	0.077709825	0.043538032	0.135033916	0.106504165	0.225568024	0.193306818	0.254284256	0.460757891	0.196789205	0.178316447	0.240567455	0.220248454	0.223399528	0.198964321	0.281219423	0.250989864	0.137663841	0.277024724	0.181592592	0.219038659	0.089331527	0.102255197	0.207200927	0.127922506	0.196878998	0.088703314	0.649010784	2018
1.178	"HC"	"alkane"	""	""	"alkane"	0.194005292	0.15692203	0.062858343	0.090326351	0.065306939	0.088296961	0.094925097	0.236962922	0.274867345	0.020530118	2.359907804	0.217421725	0.468180895	NA	NA	NA	NA	NA	NA	NA	NA	NA	NA	NA	NA	NA	NA	NA	NA	NA	NA	NA	NA	NA	NA	NA	NA	NA	2018
1.186	"HC"	"alkane"	""	"C11H24"	"undecane"	0	0.638324399	0.817616479	0.770675392	1.808011276	0.581868817	0.945968041	0.883642754	1.323216661	1.425181017	0.801991754	0.668780271	0.689456061	0.417731259	0.378125486	0.413535012	0.954479422	0.659664877	0.853653213	0.419534985	0.653249334	0.370112015	1.47008255	0.825519798	2.478987391	2.499640207	2.410982785	0.448972102	1.002772331	0.733697539	1.014091533	0.263027427	0.346569658	2.250890502	0.568727573	0.381110222	0.257929662	0.891092004	2018
1.19	"oMT"	"oMT"	""	"C10H18O"	"linalool"	0	0.175636753	0.116333234	0.17183896	0	0.116392451	0.149953485	0.274429564	0.194875717	0.060233796	0.078923417	0.133064349	0.113088258	0.117020257	0.074828971	0.116731544	0.116815242	0.18744569	0.312734887	0.124973943	0.102403731	0.124693061	0.18280178	0.169352978	0.198836542	0.288800549	0.196940027	0.094688075	0.15206266	0.120169942	0.142193649	0.046823259	0.060130455	0.207015241	0.086735498	0.108459614	0.060366721	0.322066803	2018
1.198	"OVOC"	"aldehyde"	""	"C9H18O"	"nonanal"	196.9020088	12.14222891	11.69088304	18.703145	47.56618989	10.06745237	15.43602264	12.32013	20.22900038	34.84113594	18.36800656	31.7035381	9.143826915	2.746710487	3.169242245	2.637760795	10.79936203	6.181856168	12.80055965	3.549448515	4.665321652	5.658477378	4.566231994	4.23772166	3.395302014	12.83879131	11.64605715	8.776857758	3.288027082	9.16621338	2.934162603	0.975975005	2.864274404	3.331741628	3.055073392	3.051937552	3.556666267	5.03083639	2018
1.22	"OVOC"	"oBz"	""	"C9H12O2"	"benzaldehyde dimethyl acetal"	0.034952264	0.001505958	0.003184871	0.001931469	0.379846825	0.001421834	0.005565953	0.001672794	0.000474419	0.006844754	0.00559687	0.00094997	0.001509316	0.046333839	0.035359411	0.059104999	0.062159336	0.083132945	0.099606062	0.059016736	0.057272442	0.069586665	0.065640421	0.071546045	0.055831699	0.097411301	0.071613234	0.051011633	0.075559226	0.060749236	0.065789666	0.028852725	0.034298603	0.065562471	0.047177165	0.04514093	0.03174569	0.087543285	2018
1.215	"oMT"	"oMT"	""	"C10H16O"	"omt"	0	0.051667979	0.080685796	0.030242253	0.09955493	0.048539575	0.107375313	0.06820053	0.092272977	0.085505466	0.081875941	0.0378086	0.051011932	NA	NA	NA	NA	NA	NA	NA	NA	NA	NA	NA	NA	NA	NA	NA	NA	NA	NA	NA	NA	NA	NA	NA	NA	NA	2018
1.277	"OTHER"	"other"	""	""	"ovoc"	16.02419775	2.843534359	2.625378171	4.305618467	2.834808295	2.618567724	2.550198513	2.788465484	2.879016696	4.694837279	0.153291635	2.084587908	1.931460623	0.002565139	0.002419205	0.004631169	0.008795677	0.011742678	0.014357853	0.006087029	0.003111394	0.004207455	0.013442625	0.007737684	0.009899951	0.01252113	0.014105376	0.005597721	0.009417908	0.007349926	0.008019916	0.000705696	0.002691263	0.007202012	0.001794941	0.001075097	0.000930142	0.01444603	2018
1.278	"OTHER"	"other"	""	""	"ovoc"	15.95074807	2.452747074	2.076915261	3.513862285	2.036018116	1.90198759	1.777216073	2.356029317	1.70106802	3.843114112	0.084456583	1.536018475	1.490597117	NA	NA	NA	NA	NA	NA	NA	NA	NA	NA	NA	NA	NA	NA	NA	NA	NA	NA	NA	NA	NA	NA	NA	NA	NA	2018
1.331	"OVOC"	"ovoc"	""	"C10H22O2"	"octanal dimethyl acetal"	0.021510213	0.007277991	0.01168346	0.002709391	0.001781016	0.002999539	0.014724575	0.009360626	0.019071336	0.007465325	0.009024828	0.002474119	0.006181196	0	0	0	0	0	0	0	0	0	0	0	0	0	0	0	0	0	0	0.000100908	0	0	0	0.000905338	0	0	2018
1.34	"oMT"	"oMT"	""	"C10H20O"	"levomenthol"	2.889681159	0.296063553	0.265908618	0.417782277	0.424442428	0.285168024	0.291505106	0.319099301	0.299059591	0.568426333	0.052835684	0.27602851	0.300168238	NA	NA	NA	NA	NA	NA	NA	NA	NA	NA	NA	NA	NA	NA	NA	NA	NA	NA	NA	NA	NA	NA	NA	NA	NA	2018
1.351	"GLV"	"ester"	""	"C10H18O2"	"cis-3-hexenyl butyrate"	1.706650259	0.551322506	0.27096169	0.15120192	0.1952064	0.095252508	0.185657627	0.197253561	0.19724649	0.182118223	0.164150396	0.090627585	0.105019056	0	0.001792717	0	0	0	0.013703919	0	0.004901216	0	0	0.006312385	0	0	0.018304481	0	0.012860563	0	0	0	0.002146978	0	0	0.033968664	0.020187282	0.012402879	2018
1.361	"MT"	"MT"	""	"C10H12"	"mt"	0.092240609	0	0.0097542	0	0.001241627	8.4631e-05	0.015433667	0.05737366	0.013184257	0	0.016147905	0.000652115	0.004621921	NA	NA	NA	NA	NA	NA	NA	NA	NA	NA	NA	NA	NA	NA	NA	NA	NA	NA	NA	NA	NA	NA	NA	NA	NA	2018
1.365	"OVOC"	"oBz"	""	"C9H10O"	"1-(3-methylphenyl)-ethanone"	0.917972863	0.180720892	0.506236315	0.119105411	0.168334692	0.135381223	0.590723568	0.659392949	0.498552979	0.294458028	0.921867238	0.144306763	0.310703015	0.014174521	0.007999364	0.028911777	0.01323789	0.011727856	0.015228434	0.008740712	0.017713634	0.023796411	0.006590248	0.020006211	0.015505294	0.008335626	0.006048761	0.012440835	0.031186832	0.017768177	0.019252047	0.006837558	0.006925396	0.009419906	0.007248636	0.081510611	0.016601327	1.107700959	2018
1.374	"HC"	"alkane"	""	"C12H26"	"dodecane"	23.27905206	1.148774541	1.293867736	1.540513526	3.224002509	1.09842111	1.4448379	1.423868154	2.177894747	2.592625442	1.042520278	1.282251659	1.414648323	0.872201711	0.567345198	0.633755914	2.71787006	1.237460147	1.447349803	0.821589211	1.341575635	0.881163885	3.761359017	1.051366381	4.653547356	5.754813793	6.118392888	0.520174538	1.711600466	1.256295862	2.272485284	0.306018953	0.508662932	6.520364662	1.067287463	0.565015	0.322169272	1.2778164	2018
1.375	"OVOC"	"oBz"	""	"C11H16O"	"obz"	6.180893874	0.693507702	1.64551581	0.6179977	1.446729114	0.662396154	1.685619722	1.919811925	2.022900779	1.152152819	4.916325764	0.7070118	1.416557286	0.002642939	0	0	0.004533679	0.019664383	0.003114611	0.005769061	0	0.012824102	0.001452758	0.00855413	0.005500866	0.009598526	0	0.002237913	0.004006348	0	0.008032425	0	0	0	0	0	0	0.058057833	2018
1.386	"OVOC"	"oBz"	""	"C8H8O3"	"methyl salicylate"	0.960483693	0.965141914	0.304907336	0.15076673	0.70103656	0.083628112	0.110400325	0.186656346	0.063871021	0.262069197	0.113551256	0.047806678	0.042933185	0.074725634	0.033846554	0.021113612	0.036644793	0.067801083	0.072783147	0.035585007	0.021611947	0.033167987	0.052062856	0.038572499	0.032268224	0.130421039	0.086382083	0.035919082	0.032237059	0.025603818	0.025486302	0.02093168	0.015904574	0.051846101	0.020420149	0.153852714	0.082264132	0.148122695	2018
1.388	"OVOC"	"aldehyde"	""	"C10H20O"	"decanal"	62.80327062	5.060753479	7.15282633	8.813370554	22.39125826	5.616392824	11.6435056	8.628023408	8.667852834	17.70908056	12.32127407	8.655910676	4.426812258	1.901911226	1.840127939	1.461309271	3.556408103	4.046553828	6.188396337	2.21417321	2.324665403	2.838597486	4.971715621	3.384190081	2.451578849	10.93439879	6.45488521	4.207857975	3.26248388	2.834044257	2.721424656	0.754890994	1.114050495	2.490304067	1.641387544	1.828865873	2.949955656	3.479392726	2018
1.424	"OVOC"	"oBz"	""	"C8H10O2"	"2-phenoxy-ethanol"	6.284295082	1.360594972	2.051224384	1.196402187	0.975405004	1.099721132	1.494123189	2.090166764	9.03591545	5.676345026	3.666041516	1.020129532	1.498818821	0.498299873	0.321035571	0.30740932	0.457952001	0.882044281	0.357449969	0.500406628	0.317592036	0.334328065	0.571425429	0.809400278	0.339238356	1.383805697	0.799033494	0.280575778	0.530045597	0.268208087	0.481137106	0.165196408	0.114042812	0.495690963	0.257249602	0.51868567	0.120297951	0.773195425	2018
1.442	"GLV"	"ester"	""	"C11H22O2"	"butanoic acid, 2-methyl-, hexyl ester"	14.48609605	0.002464951	0.002080347	0.00374081	0.004156537	0.002191848	0.002079857	0.001884201	0.00570453	0.00217862	0.019671133	0.005265299	0.002447828	NA	NA	NA	NA	NA	NA	NA	NA	NA	NA	NA	NA	NA	NA	NA	NA	NA	NA	NA	NA	NA	NA	NA	NA	NA	2018
1.461	"OTHER"	"sulfo"	""	"C7H11NS"	"isothiocyanato-cyclohexane"	0.112720923	0.008431963	0.016119991	0.009370374	0.914353158	0.013354989	0.034492989	0.012928915	0.006980947	0.325780191	0.157947339	0.015527811	0.007684213	NA	NA	NA	NA	NA	NA	NA	NA	NA	NA	NA	NA	NA	NA	NA	NA	NA	NA	NA	NA	NA	NA	NA	NA	NA	2018
1.48	"oMT"	"oMT"	""	""	"omt"	0	0.001559822	0.015205657	0.005330204	0.006782265	0.007475517	0.025692223	0.017411919	0.041337246	0.02835402	0.043975032	0.002696562	0.009870276	NA	NA	NA	NA	NA	NA	NA	NA	NA	NA	NA	NA	NA	NA	NA	NA	NA	NA	NA	NA	NA	NA	NA	NA	NA	2018
1.482	"OVOC"	"oBz"	""	"C10H12O2"	"thymoquinone"	0	0	0.00463007	0	0	0	0.009288033	0.013507809	0.021582783	0.004147137	0.004395116	0	0	0.190136727	0.035637073	0.031025716	0.04585623	0.441612346	0.080265105	0.12546197	0.030539465	0.230836865	0.057296183	0.063081675	0.05971595	0.102833473	0.072065715	0.06391974	0.028325835	0.039994452	0.039302864	0.015544184	0.014205434	0.037416863	0.029103317	0.025217096	0.019418392	0.334857896	2018
1.511	"OVOC"	"ovoc"	""	""	"ovoc"	0.60691011	0.03077078	0.050293695	0.03396785	0.404769012	0.030769982	0.077306256	0.055900114	0.085559614	0.185539841	0.066334017	0.042465567	0.035202663	0	0	0	0.000918252	0.001068525	0.043569555	0	0	0.000475395	0.011874012	0.002472659	0	0.004013889	0.005549309	0	0.003636444	0.000293552	0.00304409	0	0	0	0	0	0	0.002963294	2018
1.52	"HC"	"alkane"	""	"C15H32"	"2,6,11-trimethyl-dodecane"	1.596834209	0.030536691	0.018044462	0.046866683	12.44681978	0.026819391	0	0	0.049603366	3.555075323	0	0.033290712	0.023606009	NA	NA	NA	NA	NA	NA	NA	NA	NA	NA	NA	NA	NA	NA	NA	NA	NA	NA	NA	NA	NA	NA	NA	NA	NA	2018
1.552	"HC"	"alkane"	""	"C13H28"	"tridecane"	9.730735131	0.564562112	0.514845651	0.672301554	1.958449221	0.52998852	0.644407652	0.700882055	1.104619214	1.39096344	0.517510231	0.581000234	0.819133177	0.505475281	0.431335157	0.365817634	3.305015166	1.010714941	1.977755194	0.509744893	1.355981519	0.564371072	4.141502251	0.927390925	3.255847865	6.436822546	4.676626269	0.431883329	1.856980639	1.583256373	2.736956216	0.18781048	0.450419526	9.311298421	1.014801755	0.504199497	0.232126328	0.750147635	2018
1.565	"OVOC"	"ovoc"	""	""	"ovoc"	0.01335063	0.004378091	0.006186762	0.002891022	0.006832933	0.003031764	0.011396611	0.020585552	0.009858237	0.011374535	0.007111457	0.003565242	0.005858966	0.005741283	0.005691922	0.003429029	0.009132132	0.017377828	0.012448207	0.006251813	0.010160722	0.008259297	0.008553572	0.007833779	0.003909399	0.020680449	0.008434392	0.009939864	0.011159525	0.00548951	0.006901316	0.001391088	0.0035435	0.008083262	0.007916748	0.0036363	0.002636913	0.015011071	2018
1.588	"OTHER"	"other"	"Y"	""	"other"	1.614592932	0.228463711	0.197239031	0.351348478	0.277169017	0.197209199	0.228744587	0.282112286	0.305407243	0.3516312	0.063471192	0.243329915	0.269993822	0.253712884	0.354901568	0.035955317	0.293601109	0.64368332	2.500644857	0.340285274	0.311492186	0.418856668	1.137510818	1.261785877	1.096831033	0.540801748	1.380565646	1.064443801	0.251650724	0.716515701	0.42783787	0.018879487	0.148552271	0.506197701	0.254724334	0.119645641	0.201642729	0.392066903	2018
1.599	"HC"	"alkane"	""	"C15H32"	"2,6,10-trimethyl-dodecane"	0	0.159131909	0.208168957	0.235699233	5.629855049	0.187287908	0.249347234	0.190700454	0.285898518	1.893984984	0.154945605	0.184172842	0.179237518	NA	NA	NA	NA	NA	NA	NA	NA	NA	NA	NA	NA	NA	NA	NA	NA	NA	NA	NA	NA	NA	NA	NA	NA	NA	2018
1.599	"oMT"	"oMT"	""	"C10H16O"	"omt"	0	0.019952813	0.036966688	0.025775291	0.024561871	0.024992561	0.064711418	0.045430635	0.050076055	0.041694573	0.049336646	0.025736013	0.022351036	0.026246988	0.021771586	0.017722358	0.045920577	0.073048029	0.211593363	0.041354878	0.029743766	0.038339143	0.087840769	0.048280315	0.03893658	0.076195074	0.07105572	0.028143728	0.050605024	0.028448228	0.046952284	0.006136795	0.010149565	0.045651421	0.022118675	0.015273815	0.010063895	0.056087666	2018
1.604	"OVOC"	"oBz"	""	"C8H6O4"	"1,2-benzenedicarboxylic acid"	1.489471054	1.057753747	1.504803188	1.259458314	0.940129803	1.240171187	2.193379284	1.556646285	2.949041423	1.428491088	2.601734655	1.436903779	0.977120824	1.125842008	0.643818356	0.802989249	0.651807502	2.365846914	0.737053923	1.642041809	0.506843816	0.950465991	1.12252574	1.234581741	0.660229947	0.731561345	1.110524878	0.57065884	0.492876708	1.438067892	1.083873933	0.504832072	0.333451539	0.916034796	0.911030357	0.417361508	0.310876398	1.340455399	2018
1.608	"HC"	"alkane"	""	"C16H34"	"2,2,4,4,6,8,8-heptamethyl-nonane"	49.96499404	0.079260496	0.098411816	0.110097935	0.301671685	0.101243375	0.10480766	0.082836245	0.100514653	0.165995248	0.100402418	0.089878718	0.08624237	NA	NA	NA	NA	NA	NA	NA	NA	NA	NA	NA	NA	NA	NA	NA	NA	NA	NA	NA	NA	NA	NA	NA	NA	NA	2018
1.623	"oMT"	"oMT"	""	""	"omt"	0	0	0.001255999	0	0.010041609	0	0.00260557	0	0.000486957	0.004800086	0.006536025	0	0	0.021602783	0.014687138	0.016233001	0.038544602	0.056665528	0.078923967	0.031613813	0.026442878	0.034133999	0.073063109	0.043633343	0.027651576	0.083934443	0.051105131	0.020195298	0.037282151	0.026172105	0.042116361	0.004679719	0.006498806	0.030394085	0.017632243	0.014989817	0.007665802	0.067852761	2018
1.664	"OVOC"	"ovoc"	""	""	"ovoc"	3.291448439	0.096722484	0.120903428	0.144834209	0.342114356	0.128666418	0.146039403	0.13105061	0.238864945	0.305259826	0.077237134	0.12822362	0.116499905	NA	NA	NA	NA	NA	NA	NA	NA	NA	NA	NA	NA	NA	NA	NA	NA	NA	NA	NA	NA	NA	NA	NA	NA	NA	2018
1.664	"OVOC"	"furan"	""	"C8H6O2"	"1(3h)-isobenzofuranone"	0.986843565	0.951100214	1.747489292	0.681492177	0.76455554	0.942703923	2.110813146	1.909118949	2.204876872	1.513899721	2.989274804	0.939208153	1.235458468	NA	NA	NA	NA	NA	NA	NA	NA	NA	NA	NA	NA	NA	NA	NA	NA	NA	NA	NA	NA	NA	NA	NA	NA	NA	2018
1.665	"OTHER"	"other"	""	""	"other"	0.00292181	0	0	0	0	0	0	0	0.00345928	0.00034225	0.002400976	0.00241274	0	0.007801607	0.004057101	0.001185137	0.005928708	0.031105704	0.018313037	0.005346231	0.002904432	0.00832212	0.030379568	0.021014863	0.006654834	0.032375935	0.00990633	0.001528272	0.004917867	0.005016067	0.015909923	0	0.000208255	0.008349049	0.00196559	0.011119979	0.000999601	0.048282021	2018
1.687	"OVOC"	"aldehyde"	""	"C12H22O"	"2-butyl-2-octenal"	0.621696361	0.108069191	0.092656049	0.073989252	0.242181274	0.077049997	0.161904914	0.086843098	0.114955784	0.184937685	0.067111506	0.077981271	0.065379453	0	0	0	0	0	0	0	0	0	0.038716876	0	0	0	0	0	0	0	0	0	0	0	0	0	0	0	2018
1.764	"oMT"	"oMT"	""	""	"omt"	0.098595562	0	0	0	0.008413707	0	0.003473374	0.008540719	0	0.001832928	0	0	0	0	0	0	0.003285495	0	0.016562617	0	0	0	0.024224452	0	0	0.001737144	0.002487549	0.000162588	0.004027741	0	0.001791297	0	0	1.46683e-05	0	0	0	0.058114073	2018
1.764	"OVOC"	"oBz"	""	""	"obz"	0.504774099	0.142847777	0.22521308	0.127025683	0.136689835	0.172856741	0.18103504	0.236041875	0.496774525	0.29847486	0.412109766	0.144430014	0.156549277	NA	NA	NA	NA	NA	NA	NA	NA	NA	NA	NA	NA	NA	NA	NA	NA	NA	NA	NA	NA	NA	NA	NA	NA	NA	2018
1.779	"OTHER"	"other"	""	""	"other"	0.064828577	0.009730403	0.008865885	0.011087543	0.013954001	0.011652372	0.00941756	0.027162161	0.021546409	0.023492879	0.015317709	0.010441063	0.013927192	NA	NA	NA	NA	NA	NA	NA	NA	NA	NA	NA	NA	NA	NA	NA	NA	NA	NA	NA	NA	NA	NA	NA	NA	NA	2018
1.78	"OVOC"	"ovoc"	""	"C10H16O2"	"trans-4-hydroxy-3-methyl-6-(1-methylethyl)-2-cyclohexen-1-one"	0	0	0	0	0	0	0	0	0	0	0	0	0	0.005757575	0	0	0.009085858	0	0.018893284	0	0	0	0.046038424	0.002982432	0	0.007393364	0.012738934	0	0.006910814	0	0	0	0	0	0	0.005998584	0	0.329559505	2018
1.792	"ST"	"ST"	""	"C15H24"	"b-caryophyllene"	0.419280634	0.063037094	0.092995961	0.062475606	0.138130016	0.064139878	0.098312808	0.171076415	0.023231366	0.153358066	0.086863172	0.059855295	0.062581398	0.049902623	0.061974148	0.059551581	0.116671996	0.147577603	0.211948516	0.090584211	0.07068124	0.080807399	0.246544959	0.120429973	0.055086543	0.173239718	0.135316429	0.077849446	0.138035132	0.072827474	0.119156494	0.022340016	0.020440073	0.091423031	0.050432915	0.067941366	0.028923938	0.278892669	2018
1.806	"OVOC"	"ovoc"	""	"C11H18O2"	"ester"	0	0	0	0	0	0	0	0	0	0	0	0	0	0	0	0	0	0	0	0	0	0	0	0	0	0	0	0	0	0	0	0	0	0	0	0.005593199	0	0.179949159	2018
1.812	"OVOC"	"ketone"	""	"C13H22O"	"6,10-dimethyl-5,9-undecadien-2-one"	6.959886275	0.560493412	1.414929645	1.227217892	3.564584515	1.356524686	2.687098649	0.753851549	0.526343998	1.74814068	0.421917088	0.67894051	0.246555336	0.101843232	0.209881538	0.064437203	0.314063211	0.36878348	0.391484157	0.14208995	0.193495666	0.187018995	0.429340518	0.338067785	0.216642802	2.495953502	0.294162032	0.858184566	0.17459115	0.202525336	0.302447195	0.057059396	0.076370017	0.214261101	0.094005885	0.097761907	0.087865109	0.175427606	2018
1.818	"ST"	"ST"	""	"C15H24"	"st"	0.558729625	0.051132208	0.09504275	0.082084687	0.175731412	0.073699569	0.123162352	0.103265958	0.107835467	0.128588266	0.090832878	0.065458407	0.059590127	NA	NA	NA	NA	NA	NA	NA	NA	NA	NA	NA	NA	NA	NA	NA	NA	NA	NA	NA	NA	NA	NA	NA	NA	NA	2018
1.823	"ST"	"ST"	""	"C15H24"	"aromandendrene"	1.302719051	0.126269388	0.237391123	0.183905089	0.404439633	0.165805396	0.292805485	0.310593931	0.336808894	0.358128017	0.285678002	0.16016563	0.16591889	0.099087241	0.122383011	0.103426528	0.253512808	0.336042242	0.445654627	0.178914595	0.161010679	0.158010699	0.528844207	0.261808521	0.11675941	0.527949089	0.274824155	0.221017752	0.253168849	0.148122807	0.260029352	0.051486385	0.044425901	0.203692787	0.114742067	0.132931683	0.065384629	0.834739151	2018
1.835	"ST"	"ST"	""	"C15H22"	"st"	0.860195445	0.131394302	0.210136683	0.168326622	0.284416422	0.153288237	0.253913091	0.23419015	0.299057817	0.292802356	0.390848933	0.234794124	0.160788508	0.012149727	0.02219371	0.01455171	0.027805122	0.019738188	0.034982151	0.011255902	0.017557957	0.015626512	0.048358052	0.019138384	0.016727618	0.093902738	0.051380397	0.015548342	0.028064196	0.01333146	0.019338687	0.009419331	0.013652199	0.017313675	0.029105643	0.020071944	0.010201424	0.014338708	2018
1.846	"ST"	"ST"	""	"C15H24"	"a-humulene"	0.045391439	0.00453322	0.008943516	0.006474623	0.019268284	0.004409063	0.016714493	0.059830945	0.011101395	0.021285583	0.025108671	0.00368845	0.001669674	0.046905248	0.052848391	0.042142055	0.099427078	0.143414841	0.210469217	0.077214128	0.066970649	0.076198538	0.234546326	0.101335464	0.054328278	0.22926905	0.112884465	0.072549357	0.116973054	0.055125566	0.099310357	0.021859327	0.024664607	0.074870279	0.051622267	0.097946914	0.036361828	0.493294893	2018
1.869	"OVOC"	"oBz"	""	""	"obz"	2.844865395	0.751734481	0.664606904	0.711103068	3.11087472	0.592080251	0.802637563	1.007498274	1.127718543	1.384592396	0.303253469	0.737496095	0.907929288	NA	NA	NA	NA	NA	NA	NA	NA	NA	NA	NA	NA	NA	NA	NA	NA	NA	NA	NA	NA	NA	NA	NA	NA	NA	2018
1.877	"HC"	"alkane"	""	""	"alkane"	5.040176411	1.353319924	1.559493647	1.514582791	6.726834807	1.27533052	1.670380261	1.628423594	2.479247889	4.084768432	1.723279635	1.327887407	1.842065956	NA	NA	NA	NA	NA	NA	NA	NA	NA	NA	NA	NA	NA	NA	NA	NA	NA	NA	NA	NA	NA	NA	NA	NA	NA	2018
1.898	"ST"	"ST"	""	"C15H24"	"a-farnesene"	0.365839861	0	0.005156942	0.004449251	0.016579089	0	0.005173287	0.011436347	0.00566943	0.009928826	0.005623624	0.003275138	0	0	0.012117069	0	0.021496599	0.036318897	0.050360298	0.02490532	0.016399527	0.014869401	0.041989049	0.026866733	0	0.048891364	0.02199365	0.011433158	0.020161443	0.011274874	0.009324203	0.006162184	0	0.026283615	0	0.012481927	0	0.228699702	2018
1.94	"ST"	"ST"	""	"C15H24"	"a-bisabolene"	0	0.000191919	0.007810492	0	0	0	0.009094694	0.110449261	0.010513697	0	0.002646715	0	0	0.079004278	0.114309112	0.094455771	0.179401121	0.237752395	0.377844124	0.148519295	0.120394403	0.143011197	0.459014647	0.189104206	0.082236288	0.36644822	0.19787743	0.149553999	0.176856782	0.12847468	0.195260749	0.043384821	0.051139121	0.126139086	0.087879048	0.067576978	0.054589276	0.635303882	2018
1.953	"OVOC"	"oBz"	""	"C10H6O3"	"phenylmaleic anhydride"	3.279847836	1.438596753	3.765000553	1.910994905	1.207627887	2.030328882	3.468379633	2.823979669	6.433338997	2.761266825	4.672490984	2.146503373	1.340345633	NA	NA	NA	NA	NA	NA	NA	NA	NA	NA	NA	NA	NA	NA	NA	NA	NA	NA	NA	NA	NA	NA	NA	NA	NA	2018
1.986	"oST"	"oST"	""	"C15H26O"	"nerolidol"	1.795490427	0.281234929	0.58115124	0.448861192	0.854353377	0.369935715	0.569264055	1.141798883	0.555692244	0.656215209	0.53607539	0.417293914	0.512512777	0.227513736	0.283785862	0.291576538	0.426528012	0.621255423	0.81556207	0.428257619	0.308059318	0.377591534	1.122587932	0.485347139	0.203447344	0.664454637	0.443146111	0.395542712	0.465671734	0.34532924	0.472836267	0.15627969	0.123771971	0.318969063	0.231544795	0.215074885	0.129453716	2.2884388	2018
2.027	"HC"	"alkane"	""	""	"alkane"	4.282797982	1.686244813	2.049347983	2.076570528	2.50296774	1.713055322	2.355929945	2.142653202	2.954465891	2.884947364	2.778350846	1.807849627	2.679331275	0.662235999	0.782081273	0.915101889	1.516453957	2.095858671	3.138676764	1.299318165	1.277273879	1.45458417	3.999006376	1.984922178	0.868985992	2.354673817	2.124056933	1.53397331	2.235616521	1.614973011	2.196216849	0.533488437	0.514809106	1.279687978	0.940750676	0.449074834	0.404934917	1.525321643	2018
2.037	"OVOC"	"oBz"	"Y"	"C12H14O4"	"diethyl phthalate"	0.880024158	0.205589827	0.149431568	0.079386014	0.335455181	0.107918914	0.236411571	0.553135028	2.918340841	1.426815473	3.179665708	0.180357352	0.214123406	0.108506149	0.137571986	0.14174675	0.185839682	0.378407428	1.180731265	0.14549264	0.13625242	0.139192202	1.127150691	0.401996685	0.191855668	0.940826979	0.826715279	0.299878138	0.551608864	0.226697672	0.386702256	0.042610523	0.05130969	0.200354091	0.121737053	0.099473248	0.070396265	0.539001406	2018
2.039	"OTHER"	"other"	""	"C16H30O4"	"pentanoic acid, 2,2,4-trimethyl-3-carboxyisopropyl, isobutyl ester"	20.2529266	0	0	0	0.300967396	0	0	0	0	0	0	0	0	0.038801847	0.072043627	0.024302541	0.075167996	0.112496709	0.215753314	0.05030746	0.051987884	0.074444708	0.332958086	0.082644033	0.067324725	0.405618414	0.133083835	0.10967024	0.052150029	0.108996811	0.106226519	0.01772724	0.026555197	0.052918723	0.033817332	0.011614772	0.040600736	0.122192449	2018
2.049	"oST"	"oST"	""	"C15H24O"	"caryophyllene oxide"	0.175766725	0.036419679	0.042875951	0.010136287	0.099603182	0.027578696	0.052130641	0.066373952	0.131035829	0.144859538	0.009763877	0.0238553	0	0.029506977	0.069525505	0.052724041	0.070944662	0.126225634	0.152419407	0.062525765	0.030648543	0.0508433	0.23409984	0.052101318	0	0.164247388	0.075474217	0.04797168	0.083688778	0.026624683	0	0.047944506	0	0.054898136	0.035780758	0.046511023	0.015215561	0.154719438	2018
2.07	"ST"	"ST"	""	"C15H24O"	"ost"	0.030557267	0	0.009997783	0	0.018601657	0.002266007	0.006174212	0.006642964	0.006503382	0.0125318	0.012362379	0	0.003379052	0	0	0	0.001983234	0	0.026988631	0	0	0	0.038221107	0	0	0.017800459	0	0	0	0	0	0	0	0	0	0	0	0.033226103	2018
2.087	"oST"	"oST"	""	"C15H24O"	"ost"	0	0	0	0	0	0	0	0	0	0	0	0	0	0.151167174	0.275015552	0.333353962	0.516841261	0.659456312	1.194557748	0.442645409	0.388442582	0.324340364	1.896645001	0.66653266	0.170926767	0.72421901	0.500843622	0.413318675	0.623855666	0.338386752	0.501000233	0.157669065	0.147381602	0.281533531	0.259378069	0.123038074	0.135702427	0.392571781	2018
2.117	"oST"	"oST"	""	"C15H24O"	"ost"	0.323313594	0.090614937	0	0.121578575	0.225386312	0.101333294	0.130697862	0.184277912	0.186388008	0.217163467	0.119562213	0.097377828	0.1505601	0	0.046506561	0.086778858	0.116214641	0.165264843	0.237577381	0.124381836	0.061927193	0.073136844	0.250730357	0.073487779	0	0.133895457	0.059289664	0.050149018	0.144016153	0.067611798	0.065640178	0.008303048	0.022502833	0.067337666	0.02565426	0.035128293	0.0152312	0.983981108	2018
2.118	"oST"	"oST"	""	"C15H24O"	"ost"	0.280860146	0.001527096	0.055651616	0.043682806	0.12863684	0.024382178	0.095268468	0.08018141	0.036698466	0.084933275	0.083180738	0.035295191	0.060737276	NA	NA	NA	NA	NA	NA	NA	NA	NA	NA	NA	NA	NA	NA	NA	NA	NA	NA	NA	NA	NA	NA	NA	NA	NA	2018
2.12	"OTHER"	"other"	"Y"	"C14H42O5Si6"	"tetradecamethyl-hexasiloxane"	0.13475273	0.138733686	0.107053245	0.047613183	0.378293465	0.162161665	0.118646046	0.185064679	0.149264289	0.17165509	0.091199093	0.101202208	0.119481892	0.096048471	0.605498805	0.025590112	0.502011946	0.356546216	3.688053035	0.115701956	1.050828879	0.244037498	2.895992165	0.692853949	1.180974222	2.346590411	1.810084231	1.131322848	0.161929411	0.686138903	1.10076705	0.029689017	0.506007723	0.725127305	0.654108121	0.167856013	0.403202533	0.250713188	2018
2.12	"OVOC"	"ovoc"	""	""	"ovoc"	1.301996031	0.410003037	0.544470178	0.33423294	0.627612773	0.413301708	0.531229078	0.719055281	0.748201173	0.559850731	0.624347583	0.450952918	0.526719197	NA	NA	NA	NA	NA	NA	NA	NA	NA	NA	NA	NA	NA	NA	NA	NA	NA	NA	NA	NA	NA	NA	NA	NA	NA	2018
2.148	"oST"	"oST"	""	"C15H24O"	"ost"	0.301812821	0.044316371	0.320795483	0	0.09743579	0	0.082762735	0.190591475	0.146070198	0.133010743	0.093346921	0.037986073	0.072315036	0.067527195	0.102848254	0.055458127	0.068463775	0.176723934	0.246198898	0.104245761	0.050568514	0.121054596	0.170334335	0.077298043	0.034382292	0.195057877	0.109207862	0.074652714	0.054450104	0.078350446	0.05886782	0.041078413	0.03291657	0.102861244	0.073709171	0.097940187	0.04100204	0.52904693	2018
2.165	"oST"	"oST"	""	"C15H24O"	"ost"	0.375732148	0.062295346	0.225792266	0.061705692	0.115430751	0.070541276	0.139281861	0.311837483	0.226676834	0.192017306	0.113403282	0.122378468	0.117332752	0.152208033	0.361575771	0.135124651	0.320290955	0.449495212	1.270595325	0.301303506	0.256597484	0.383694306	1.191752428	0.43620933	0.41881074	0.992509897	1.042822364	0.590628668	0.093553555	0.582936937	0.47132516	0	0.150211496	0.353368456	0.176435473	0.061731599	0.119107895	0.283549083	2018
2.169	"HC"	"alkane"	""	""	"alkane"	4.037355652	1.51457227	2.026526627	1.996559856	2.232289552	1.903578324	2.47476748	1.778895849	2.255336343	2.200732504	1.914781592	1.894366385	2.301112893	0.387945909	0.443032523	0.783294425	1.496448501	1.704562843	3.202510676	0.905952299	1.023630907	1.285363214	3.523491291	1.75555375	0.744341851	2.609649103	1.901300388	1.508872215	1.88918857	1.464641554	1.547966965	0.185926791	0.319813729	0.866158529	0.661532925	0.134217543	0.14731551	1.338302135	2018
2.25	"OVOC"	"ovoc"	""	""	"ovoc"	0.551412324	0.13879009	0.632911574	0.573504602	1.278750489	0.381662792	0.570447781	0.142928104	0.14468627	0.490878409	0.317794666	0.476598627	0.591777109	NA	NA	NA	NA	NA	NA	NA	NA	NA	NA	NA	NA	NA	NA	NA	NA	NA	NA	NA	NA	NA	NA	NA	NA	NA	2018
2.277	"HC"	"alkane"	""	""	"alkane"	4.905948561	1.960907513	2.744596066	2.776147853	2.724268434	3.04042192	3.507636859	2.60697971	4.348851567	2.798252981	2.632743186	2.865881061	3.422793002	0.831405568	1.384428828	2.157573294	3.128160166	3.191577403	5.143586441	1.955163564	2.195129135	2.216382698	6.600615221	3.432055711	1.29232343	4.178929081	2.735639244	2.900975185	3.473596988	2.632466156	2.50026965	0.634471671	1.165389407	1.458465785	1.727722301	0.436155381	0.409405369	1.934660672	2018
2.281	"OTHER"	"nitro"	"?"	"C10H15NO2S"	"n-butyl-benzenesulfonamide"	1.679547319	0.680493371	0.944611248	0.465849094	0.59792937	0.917000242	0.554206069	1.207805211	0.858641614	1.341176735	1.705751279	0.850493305	0.858483059	0.66312753	1.527713641	1.069419458	1.949461166	3.001492558	2.603352204	1.640934235	1.786782339	1.737749589	2.322257316	2.439434519	1.484388549	2.450749358	2.143267401	1.750694533	1.537279787	2.264084148	2.918404266	0.570440094	0.585606475	0.965487765	1.161563443	0.746795247	0.482029154	3.280711267	2018
2.298	"OTHER"	"other"	"Y"	""	"other"	0.496666145	0.891029764	0.506459783	0.209139134	0.27722868	0.491006284	0.512207702	0.664760104	0.953816914	0.466460824	1.051187763	0.662040431	0.528842233	NA	NA	NA	NA	NA	NA	NA	NA	NA	NA	NA	NA	NA	NA	NA	NA	NA	NA	NA	NA	NA	NA	NA	NA	NA	2018
2.298	"OVOC"	"ester"	""	"C17H34O2"	"isopropyl myristate"	6.163112764	0.999048663	1.198562841	1.111093014	1.365848686	1.620176668	1.888495638	2.807348113	3.23910975	3.053142797	3.990842151	2.154985198	2.503580127	NA	NA	NA	NA	NA	NA	NA	NA	NA	NA	NA	NA	NA	NA	NA	NA	NA	NA	NA	NA	NA	NA	NA	NA	NA	2018
2.344	"OVOC"	"alcohol"	""	"C16H34O"	"1-hexadecanol"	7.306278185	0	3.439077236	2.930370838	4.449900176	2.464128591	3.95771765	4.790531256	253.638753	0.980652882	1.977752478	2.031012051	2.844831091	0.673204413	1.510569497	1.378507203	2.959426744	2.339529255	5.058124013	1.357576237	1.78094907	1.035209511	8.585583034	3.399446778	0.865606399	4.363099773	2.392389784	2.227247017	3.406210423	2.024015572	1.985637712	0.766811512	1.084817555	1.761733144	1.478604064	0.601286325	0.648032625	1.175398101	2018
2.36	"HC"	"alkane"	"?"	""	"alkane"	5.788099825	2.491995944	3.000590729	3.016976244	2.926249693	4.092519911	3.939017496	3.293800471	3.666281447	3.343751072	2.987067341	3.4934695	3.600938674	1.111418314	1.286833867	1.948477063	2.650911434	3.333936595	2.903788351	1.704878749	1.635951638	2.245977432	2.424323396	2.970711412	1.214672645	3.151473742	1.977295457	2.005266379	1.962710437	3.724852709	1.863384707	0.507645914	1.400978322	1.392144463	1.837821434	0.61145199	0.327633489	1.910307693	2018
2.419	"HC"	"alkane"	"?"	"C20H32"	"m-camphorene"	0.381774496	0.142042244	0.190191057	0.109676287	0.278732988	0.201826107	0.214753605	2.014988996	0.334049865	0.253260088	0.183752973	0.167020252	0.142799	0.069175671	0.188803831	0.19133779	0.279292565	0.203073272	0.302046289	0.161105513	0.194951618	0.0865858	0.34327702	0.266247695	0.08810984	0.427858754	0.241424217	0.194217424	0.275409206	0.19631771	0.186618619	0.109555036	0.145814718	0.215610809	0.186621692	0.16370193	0.089716763	3.104295068	2018
2.421	"OVOC"	"ovoc"	"?"	"C14H24O3Si2"	"ovoc"	0.780354262	0	1.026425757	0.800574071	1.491105267	0.603870759	1.007378958	0	1.078833411	0.13355448	0.425098499	0.295506495	0.718042962	NA	NA	NA	NA	NA	NA	NA	NA	NA	NA	NA	NA	NA	NA	NA	NA	NA	NA	NA	NA	NA	NA	NA	NA	NA	2018
2.427	"OTHER"	"other"	"Y"	""	"other"	0.748014826	0.732281764	0.438130908	0.215818867	0.248583501	0.426220792	0.39217484	0.41924018	1.036974016	0.54213424	1.466640491	0.73492532	0.308697408	0.10111424	0.426432105	0.110293631	1.217109415	0.606259028	3.195037177	0.158966854	1.744634704	0.473026491	1.718880647	1.51372608	0.922486685	3.155700327	1.897456865	2.320299851	0.149338482	0.982591391	1.244844753	0.125931399	1.220757643	1.574528428	0.731828148	0.280667918	0.193331925	0.341767878	2018
2.446	"HC"	"alkane"	"?"	"C20H42"	"alkane"	5.805034928	2.567130416	3.428810308	3.156117273	3.339491147	4.355270543	4.30758792	3.28117728	5.546744746	3.096340005	3.214372653	3.601005516	3.814400006	1.23637069	1.542945944	1.878617926	3.30617558	3.807657363	3.97915835	1.716199233	2.247121458	2.530122757	2.884114318	4.466166343	1.659643535	3.814318235	2.495992542	2.5782074	2.106249395	8.232408652	2.583742901	0.427426345	1.99830041	1.821709536	2.754116949	0.828023789	0.343234394	1.71393796	2018
2.451	"HC"	"alkane"	"?"	"C20H32"	"p-camphorene"	0.237310514	0.185050778	0.156900001	0.148468404	0.206117615	0.074684789	0.091759852	0.682059523	0.182116085	0.134095956	0.091367311	0.087354127	0	0.049348599	0.147675677	0.085197985	0.207154268	0.069550292	0.148087634	0.083276764	0.072036171	0.051320799	0.084093889	0.102700101	0.041648826	0.435672674	0.113762931	0.0869702	0.142528107	0	0.070947232	0.071062586	0.10641668	0.144542497	0.159125021	0.129979041	0.082376009	0.985412694	2018
2.545	"HC"	"alkane"	"?"	"C21H44"	"heneicosane"	7.860599813	7.713253958	4.239867932	3.727357179	3.597100843	5.117793312	5.25000941	4.162242985	4.440711952	2.655273811	4.606895735	3.616926233	3.80826975	NA	NA	NA	NA	NA	NA	NA	NA	NA	NA	NA	NA	NA	NA	NA	NA	NA	NA	NA	NA	NA	NA	NA	NA	NA	2018
2.549	"OVOC"	"ester"	"?"	"C20H40O2"	"dodecanoic acid, isooctyl ester"	3.622127621	0.900020264	1.404283391	0.951673766	0.861447918	1.421112283	1.35891523	3.348690139	6.124673136	3.228300061	1.562199346	1.160630372	1.23474356	2.230931521	3.930847021	3.607913113	8.069031377	7.169900745	8.912991523	3.396953216	4.952588594	3.257716799	13.35759303	9.677829967	3.328973222	12.80665588	5.52252904	4.710825453	6.664960813	16.12440677	7.110612164	1.960575615	3.974987477	4.827886803	6.437147643	2.783576413	1.65876118	3.604516433	2018
2.571	"OTHER"	"other"	"Y"	""	"other"	0.648580842	0.210975843	0.189217762	0.133968329	0.181202812	0.269824435	0.185848833	0.123820848	0.409200791	0.629852321	0.929017291	0.303398336	0.276626531	NA	NA	NA	NA	NA	NA	NA	NA	NA	NA	NA	NA	NA	NA	NA	NA	NA	NA	NA	NA	NA	NA	NA	NA	NA	2018
2.652	"HC"	"alkane"	"?"	""	"alkane"	5.819550112	3.578324807	3.844655805	3.199070222	3.41063987	4.227425462	5.845892574	4.452214306	7.742991734	3.961906467	2.942201975	3.611375582	3.745227447	NA	NA	NA	NA	NA	NA	NA	NA	NA	NA	NA	NA	NA	NA	NA	NA	NA	NA	NA	NA	NA	NA	NA	NA	NA	2018
2.752	"OTHER"	"other"	"Y"	""	"other"	1.291207858	0.191439163	0.177692543	0.213874936	0.195636849	0.284813247	0.240678112	0.026106613	0.038026389	0.722158339	0.93556069	0.690772642	0.676684458	NA	NA	NA	NA	NA	NA	NA	NA	NA	NA	NA	NA	NA	NA	NA	NA	NA	NA	NA	NA	NA	NA	NA	NA	NA	2018
0.216	"HC"	"alkene"	"Y"	"C4H8"	"2-butene"	NA	NA	NA	NA	NA	NA	NA	NA	NA	NA	NA	NA	NA	5.29368212	4.103595177	5.507289466	5.8359217	5.121373904	5.006423872	5.590430815	4.615839004	6.472816635	4.377512247	4.136335175	4.313793357	5.139616534	4.725592095	3.632897477	6.311087775	5.320934236	4.55686761	5.83525011	4.029630301	5.593679055	5.641053404	4.939212169	3.883880184	6.240886198	2018
0.218	"OVOC"	"aldehyde"	"Y"	"C3H4O"	"2-propenal"	NA	NA	NA	NA	NA	NA	NA	NA	NA	NA	NA	NA	NA	0.489868442	0.380542539	0.718120149	0.396836898	0.484631023	0.394931507	0.545530552	0.403100308	0.589235177	0.416807197	0.380487993	0.379294663	0.425354359	0.319837471	0.300562208	0.53982573	0.481563612	0.523026447	0.482471949	0.360947509	0.410202783	0.490464851	0.417814625	0.335294834	0.530067714	2018
0.22	"OVOC"	"ovoc"	"Y"	"C3H6O"	"propylene oxide"	NA	NA	NA	NA	NA	NA	NA	NA	NA	NA	NA	NA	NA	10.58141137	8.37646359	15.80609001	12.24164178	12.32689755	12.0115388	11.0602814	9.611064404	13.06403386	10.3657925	9.628467976	8.747726928	24.36676784	10.89290756	9.703250369	14.34440528	9.189584209	10.1693483	9.891911369	11.62963438	11.36757963	10.83988489	12.37234728	10.4156214	17.74000084	2018
0.271	"OTHER"	"halogen"	"Y"	"C6HF13"	"1,1,1,2,2,3,3,4,4,5,5,6,6-tridecafluoro-hexane"	NA	NA	NA	NA	NA	NA	NA	NA	NA	NA	NA	NA	NA	0.472192212	0.285406366	0.33808046	0.165504249	0.051420221	0.008856675	0	0.120828323	0	0.041942865	0.033389393	0.041101957	0.021703514	0.646277084	0.026659705	0.07021511	0.082499348	0.028152935	0.454029999	0.219826062	0.361692996	0.330238352	0.297835708	0.111948149	0.149658281	2018
0.283	"HC"	"alkane"	""	"C6H14"	"2-methyl-pentane"	NA	NA	NA	NA	NA	NA	NA	NA	NA	NA	NA	NA	NA	2.931145607	1.947094391	0.943409126	1.939287997	0.965243956	2.306895783	1.171957473	3.09956365	1.26154282	2.746269475	1.986139071	3.597871609	2.147535781	3.031206997	1.164899526	3.571999977	1.645320204	2.983887262	0.5742021	2.286535464	1.521501678	2.71459403	1.146738261	2.55023089	0.825614927	2018
0.297	"OVOC"	"ketone"	""	"C4H6O"	"methyl vinyl ketone"	NA	NA	NA	NA	NA	NA	NA	NA	NA	NA	NA	NA	NA	7.980163437	3.80673149	8.742259962	4.773103648	8.74287179	4.716223283	8.91977854	3.84015867	11.96667275	3.664614516	7.063689277	4.306186453	11.82162804	4.555862095	6.315201844	5.147605959	7.145082223	4.91295686	4.538988316	4.984767624	6.083928044	4.128541592	6.727747166	3.959771846	10.89847333	2018
0.325	"OTHER"	"halogen"	"Y"	""	"halogen"	NA	NA	NA	NA	NA	NA	NA	NA	NA	NA	NA	NA	NA	0.621358176	0.884591076	0.959957246	1.503830216	1.141450681	0.827916213	0.622245051	0.704070171	0.336503944	1.895353025	0.524556467	0.473684283	1.420211746	1.854114407	0.847187005	2.890914169	0.399456184	0.841966603	2.370859002	0.678474213	1.622441405	0.884734041	1.276301506	0.671434535	2.964496726	2018
0.382	"OVOC"	"furan"	""	"C5H8O"	"2-ethylacrolein"	NA	NA	NA	NA	NA	NA	NA	NA	NA	NA	NA	NA	NA	0.9632786	2.428442734	1.405588457	6.601616578	1.492809189	5.536552649	1.223047343	5.260285625	1.496743163	3.663189198	4.189732675	3.506503025	3.917217303	3.361096566	1.821677519	16.27278267	6.456345481	5.67185863	8.831684616	4.665879253	5.477765732	6.266747246	5.621207962	3.460355094	1.743893663	2018
0.402	"OVOC"	"ester"	""	"C5H10O2"	"methyl isobutyrate"	NA	NA	NA	NA	NA	NA	NA	NA	NA	NA	NA	NA	NA	0.020067392	0.026249756	0	0.038655461	0.016811301	0.031023207	0	0.082897447	0	0.071094331	0.037939102	0.055890994	0.052629603	0.064482438	0.012984355	0.142694886	0.018095436	0.066079318	0.004572716	0.033955155	0.034703766	0.043124474	0.014198938	0.054831128	0.007297353	2018
0.403	"OTHER"	"other"	""	""	"other"	NA	NA	NA	NA	NA	NA	NA	NA	NA	NA	NA	NA	NA	0.402865497	0.316315079	0.288843558	0.394008311	0.314264052	0.521376579	0.289133674	0.596772458	0.366567709	0.524971715	0.413282763	0.546891038	0.569380917	0.422669165	0.251421252	0.928220394	0.438599366	0.528211517	0.197170224	0.420963299	0.482822901	0.454096643	0.343853616	0.4522609	0.318933774	2018
0.435	"OVOC"	"ovoc"	""	"C5H10O3"	"1,3,6-trioxocane"	NA	NA	NA	NA	NA	NA	NA	NA	NA	NA	NA	NA	NA	1.172296169	0.846903426	1.286462866	0.97244075	1.338357957	1.226379346	1.857782173	1.19175104	1.522629768	1.443599353	1.054670009	1.130325435	1.435612538	0.898893003	1.037538509	1.918589423	1.727757732	0.851898768	1.456055577	0.738609108	1.625124168	1.804828957	1.049384198	0.698681726	2.660707298	2018
0.439	"OVOC"	"ester"	""	"C5H8O2"	"methyl methacrylate"	NA	NA	NA	NA	NA	NA	NA	NA	NA	NA	NA	NA	NA	0.604922839	0.219432278	1.110115296	0.176717195	0.723535729	0.28121077	0.750386529	0.238607866	0.546150807	0.438992489	0.381390058	0.556813661	0.446954181	0.278028821	0.188831248	0.240547533	0.171335349	0.394091978	0.111569228	0.116996776	0.341198457	0.372281636	0.302850724	0.275842862	1.336989711	2018
0.471	"HC"	"alkene"	""	"C8H16"	"3,4,4-trimethyl-2-pentene"	NA	NA	NA	NA	NA	NA	NA	NA	NA	NA	NA	NA	NA	0.26878238	0.636674495	0.449832947	1.806991865	0.56680005	0.818190216	0.276143118	1.970857054	0.491588796	1.017842609	1.518606404	1.028021386	1.404757541	0.773139379	0.721752582	0.87916741	3.052640729	1.20085702	1.440133631	0.7183139	0.916310853	1.365704985	1.50368196	0.516071408	0.311760435	2018
0.516	"OVOC"	"ovoc"	""	"C6H14O2"	"2,2-dimethoxybutane"	NA	NA	NA	NA	NA	NA	NA	NA	NA	NA	NA	NA	NA	0.006433982	0.007937206	0	0.005709932	0.002940933	0.007132875	0.00193577	0.008015945	0.004762708	0.005593739	0.00591501	0.011263703	0.008671537	0.002811831	0.002162458	0.005971114	0.010071149	0.005318472	0.005117623	0.006805825	0.004039133	0.007020454	0.011069913	0.003069259	0.002515517	2018
0.547	"OVOC"	"ester"	""	"C6H12O2"	"butanoic acid, 2-methyl-, methyl ester"	NA	NA	NA	NA	NA	NA	NA	NA	NA	NA	NA	NA	NA	0.010677974	0.00567279	0.036533148	0.015722077	0.016694653	0.02773343	0.017347824	0.014754442	0.028931189	0.016045187	0.015394126	0.010261349	0.04921251	0.008417212	0.009062131	0.009278974	0.017151795	0.020173177	0.008714095	0.007306461	0.01525786	0.004526819	0.010498995	0.008655667	0.039182816	2018
0.567	"HC"	"alkane"	""	"C8H16"	"3-methylene-heptane"	NA	NA	NA	NA	NA	NA	NA	NA	NA	NA	NA	NA	NA	0.160442258	0.277826294	0.478523276	0.456619156	0.418095362	0.422421555	0.17269871	0.334069791	0.349614152	0.600554794	0.378297295	0.432266385	0.434521535	0.480634905	0.302444431	0.986443634	0.382794365	0.491252982	0.346249458	0.353891227	0.565594515	0.557566813	0.578788875	0.25426772	0.743738325	2018
0.605	"HC"	"alkane"	""	"C8H16"	"alkane"	NA	NA	NA	NA	NA	NA	NA	NA	NA	NA	NA	NA	NA	0.366077491	0.263988442	0.768194339	0.494522549	0.504842014	0.420438213	0.390482696	0.370904329	0.752582449	0.521725725	0.411474089	0.413930271	0.451878672	0.451229636	0.281019472	0.669651397	0.465498964	0.545816774	0.48009882	0.241084949	0.44701059	0.409043607	0.474848467	0.244601816	1.331630369	2018
0.628	"OVOC"	"ovoc"	""	"C7H14O"	"1-methoxy-2-hexene"	NA	NA	NA	NA	NA	NA	NA	NA	NA	NA	NA	NA	NA	0.005193405	0.008256579	0.018317575	0.003880681	0.00489858	0.004657109	0.005410251	0	0.01360743	0.005114317	0.002569146	0.00702555	0.006221657	0.001305611	0.003805384	0.002366849	0.008378552	0.002686937	0.004271131	0.001672507	0.002829921	0.004668484	0	0.002336693	0.003174279	2018
0.784	"HC"	"Bz"	""	"C8H10"	"bz"	NA	NA	NA	NA	NA	NA	NA	NA	NA	NA	NA	NA	NA	0	0	0	0	0	0	0	0	0	0	0	0	0	0	0	0	0	0	0	0	0	0	0	0	0	2018
0.898	"OVOC"	"ovoc"	""	"C6H12O"	"ovoc"	NA	NA	NA	NA	NA	NA	NA	NA	NA	NA	NA	NA	NA	0.89517999	0.822531243	1.786184418	1.601776446	1.621566838	1.897590101	1.067626448	1.11494513	1.586660328	1.719140296	1.758902546	1.44895143	1.845152995	1.922513436	1.10709848	2.151818978	1.931447747	1.941836777	0.615564918	0.760265081	1.53736018	1.139664098	0.906722132	0.574916309	2.743279668	2018
0.962	"HC"	"Bz"	""	"C9H10"	"a-methylstyrene"	NA	NA	NA	NA	NA	NA	NA	NA	NA	NA	NA	NA	NA	0.127618828	0.099138773	0.273393481	0.142151514	0.126180191	5.323261128	0.120634646	0.17442856	0.154063129	0.180213439	0.177125439	0.239223599	0.147737669	0.199059478	0.094351211	0.358042257	0.174002272	0.213115125	0.124527712	0.116382099	0.241842747	0.170389227	0.127775461	0.12209189	0.209382992	2018
1.023	"OVOC"	"ovoc"	""	"C9H18O"	"methoxy-cyclooctane"	NA	NA	NA	NA	NA	NA	NA	NA	NA	NA	NA	NA	NA	0.004060637	0.002004226	0.011586152	0.015527474	0.026439134	0.036202096	0.004962515	0.009801306	0.013660574	0.019945099	0.012423627	0.007463494	0.068428485	0.019093084	0.043123648	0.019590316	0.009511022	0.021329679	0.001974364	0.002610923	0.010360936	0.015257258	0.001849362	0.002322648	0.017618667	2018
1.037	"OTHER"	"nitro"	"?"	"C7H9N"	"4-cyanocyclohexene"	NA	NA	NA	NA	NA	NA	NA	NA	NA	NA	NA	NA	NA	1.954183518	0.03983209	0.122179336	0.041061986	0.055294184	0.058888075	0.139875093	0.017985857	0.360078088	0.008697815	0.071116258	0.010336164	0.101719373	0.006720556	0.066134826	0.005292464	0.107762758	0.007879249	0.034878389	0.005671129	0.051906346	0.005117264	0.191347046	0.040701164	0.089154802	2018
1.038	"OTHER"	"other"	"?"	"C7H5NO"	"benzoxazole"	NA	NA	NA	NA	NA	NA	NA	NA	NA	NA	NA	NA	NA	0.044581942	0.03605243	0.068057751	0.057410177	0.035422015	0.256945569	0.034016281	0.268814683	0.051400226	0.088122197	0.126549193	0.338109642	0.200741046	0.032041165	0.024795493	0.101142709	0.058569715	0.218984696	0.028034629	0.072090734	0.288220407	0.112173915	0.119507561	0.262966261	0.093087742	2018
1.044	"OTHER"	"other"	"?"	""	"other"	NA	NA	NA	NA	NA	NA	NA	NA	NA	NA	NA	NA	NA	0.899899739	0.847087023	0.812837223	0.864904602	0.776211424	0.727342725	0.593467593	0.629106473	0.707983116	0.647938448	0.778775169	0.721289843	0.865176576	1.111879197	0.500975035	0.768989831	0.685214131	0.767474284	0.729694846	0.533471676	1.156513234	0.872672871	0.944958639	0.543503124	0.762924867	2018
1.079	"OVOC"	"ovoc"	""	"C9H18O"	"ovoc"	NA	NA	NA	NA	NA	NA	NA	NA	NA	NA	NA	NA	NA	0.018451165	0.010396024	0.010747067	0.019149164	0.03768716	0.037832754	0.020351292	0.006650353	0.031564859	0.031337895	0.025071645	0.008816979	0.058302762	0.028225339	0.030380766	0.030581597	0.019852022	0.015095441	0	0.004312802	0.023437178	0.012369623	0.006640561	0	0.035820126	2018
1.215	"oMT"	"oMT"	""	"C10H16O"	"b-thujone"	NA	NA	NA	NA	NA	NA	NA	NA	NA	NA	NA	NA	NA	0.00548975	0.005325736	0.004377134	0.006872962	0.012164438	0.029392749	0.004966154	0.00774329	0.014580373	0.014352779	0.00872484	0.012946154	0.012167607	0.008644623	0.009187213	0.010057782	0.012398204	0.007883457	0.001329232	0.00164231	0.004307396	0.007222398	0.003316163	0.002532361	0.024365308	2018
1.278	"OTHER"	"other"	"Y"	""	"other"	NA	NA	NA	NA	NA	NA	NA	NA	NA	NA	NA	NA	NA	10.13507274	0.358924945	0.363380565	0.405728134	12.32952995	1.790596294	11.34054243	0.667195099	8.152601252	1.082909713	0.793828481	0.966539251	0.757269729	0.867343742	0.454676378	0.669699612	0.514380721	0.858802163	0.066408288	0.328709532	0.550037309	0.46850922	0.133704475	0.334213909	7.447677449	2018
1.362	"OVOC"	"oBz"	""	"C10H14O"	"a,a,4-trimethyl-benzenemethanol"	NA	NA	NA	NA	NA	NA	NA	NA	NA	NA	NA	NA	NA	0.017285313	0.013796467	0.020297776	0.029387424	0.037537081	0.036616628	0.025127113	0.018825429	0.021526787	0.036674189	0.030776413	0.021569513	0.040325525	0.035778886	0.015785032	0.034269394	0.020144852	0.028825792	0.010055202	0.010511751	0.027543448	0.018290484	0.02289204	0.010963943	0.145232617	2018
1.424	"OTHER"	"other"	"?"	""	"other"	NA	NA	NA	NA	NA	NA	NA	NA	NA	NA	NA	NA	NA	0.030335751	0.056090849	0.011238961	0.047687362	0.143371627	0.168194181	0.040544334	0.025350612	0.09036825	0.08794712	0.051110661	0.030644438	0.833128986	0.129712218	0.106200927	0.02760483	0.051604823	0.070611937	0.005280517	0.015298185	0.035485848	0.025887909	0.012516958	0.020529293	0.049106365	2018
1.47	"oMT"	"oMT"	""	"C10H16O"	"omt"	NA	NA	NA	NA	NA	NA	NA	NA	NA	NA	NA	NA	NA	0	0.000415638	0.001839176	0	0.001390817	0.001914026	0	0.000643812	0	0	0.00286296	0	0.002166653	0.000840468	0	0.002904112	0.002495872	0.000772691	0.000390149	0.000354711	0.001990195	0.001498559	0.000359955	0.000458212	0.000533173	2018
1.48	"oMT"	"oMT"	""	"C10H16O2"	"omt"	NA	NA	NA	NA	NA	NA	NA	NA	NA	NA	NA	NA	NA	0	0	0	0.003731895	0.006711929	0.009150743	0.005953704	0	0.004935152	0.008678909	0	0.006040729	0.010896476	0.008813901	0	0	0.00256596	0.003564771	0	0	0	0	0	0	0.00922696	2018
1.57	"OVOC"	"aldehyde"	""	"C11H22O"	"undecanal"	NA	NA	NA	NA	NA	NA	NA	NA	NA	NA	NA	NA	NA	0.33312112	0.278460627	0.277355782	0.655906587	0.853631601	1.05238603	0.47297073	0.391190014	0.588405484	1.201209508	0.567261871	0.510762154	1.42096503	1.099596191	0.571318696	0.765637195	0.546520597	0.589976118	0.129151874	0.139365254	0.51098818	0.356902944	0.228495568	0.231245534	0.695929689	2018
1.635	"oMT"	"oMT"	""	""	"omt"	NA	NA	NA	NA	NA	NA	NA	NA	NA	NA	NA	NA	NA	0	0	0	0.003041568	0.006836246	0.029246715	0.002854913	0.002328222	0	0.02625866	0	0.005845979	0.010156245	0.010777805	0	0.004016132	0	0.010082163	5.86439e-05	0	0.005755944	0.001539747	0	0	0.00070757	2018
1.681	"OVOC"	"ovoc"	""	""	"ovoc"	NA	NA	NA	NA	NA	NA	NA	NA	NA	NA	NA	NA	NA	0	0.004792711	0.007130023	0.011951923	0.007161652	0.009374405	0.003284974	0.008197401	0.010333593	0.01283162	0.004162869	0.009236303	0.007631406	0.007110564	0.000527933	0.004726651	0	0.007759754	0	0	0.009034697	0.006200006	0.005392032	0	0	2018
1.709	"OVOC"	"aldehyde"	""	"C12H22O"	"aldehyde"	NA	NA	NA	NA	NA	NA	NA	NA	NA	NA	NA	NA	NA	0.006160724	0	0.009988586	0.031012769	0.040436288	0.147795524	0.005738482	0.006443355	0.01343969	0.120051324	0.014338104	0.016932941	0.053620302	0.056030393	0.016535485	0.044893827	0.011991275	0.023697354	0	0	0.019432203	0	0.008293519	0.019311535	0.027810753	2018
1.869	"OVOC"	"oBz"	"Y"	""	"obz"	NA	NA	NA	NA	NA	NA	NA	NA	NA	NA	NA	NA	NA	0.169852995	2.060882871	0.025723947	1.042278525	0.531995495	11.0941887	0.231724182	2.099957982	0.405327807	9.29094057	3.483742097	5.774105108	5.563218569	8.72536642	6.29853462	0.760279341	3.749354121	3.171344501	0.026844117	1.041481059	2.468494566	1.49975682	0.482074709	1.212110955	0.409663412	2018
2.29	"HC"	"alkane"	""	""	"alkane"	NA	NA	NA	NA	NA	NA	NA	NA	NA	NA	NA	NA	NA	0.535257911	0.969701917	0.889505143	2.438272594	1.396419479	2.050523037	0.78238175	1.205730084	1.043226574	1.696367944	1.874385798	1.143711324	2.868526663	1.480471891	1.530420937	1.20013923	2.505181359	1.417612633	0.385048623	0.94764255	1.162345413	1.445432749	0.549589352	0.326157061	0.860714528	2018
2.526	"OVOC"	"ovoc"	"?"	""	"ovoc"	NA	NA	NA	NA	NA	NA	NA	NA	NA	NA	NA	NA	NA	0.02771068	0.127280269	0.019749429	0.869207143	0.075007792	0.428642809	0.030184574	0.093738834	0.062018087	2.277943475	0.210915268	2.611729169	0.55685234	0.323745711	1.342404816	0.054737121	0.252232046	0.451252252	0.026324586	0.546209491	0.273639546	0.486705687	0.080288827	0.126290823	0.026744974	2018
2.545	"OVOC"	"ovoc"	"?"	""	"ovoc"	NA	NA	NA	NA	NA	NA	NA	NA	NA	NA	NA	NA	NA	1.280218204	3.039019387	3.392068895	6.814197366	7.272473695	8.104063286	3.159684625	4.611309271	3.239564048	10.33134081	9.339630709	2.218354247	7.373242759	4.762580464	4.062443367	4.939535019	14.39553925	5.656972847	1.368784602	3.981546623	3.15630724	5.01743749	1.40908302	1.567786273	1.53641189	2018
2.704	"OVOC"	"oBz"	"?"	"C24H38O4"	"diisooctyl phthalate"	NA	NA	NA	NA	NA	NA	NA	NA	NA	NA	NA	NA	NA	0	9.000776369	17.60271187	27.32975824	34.1624392	31.9368724	10.84282008	11.43376518	5.271818183	52.87867439	33.23112988	0	23.67771147	12.72325729	9.486131518	29.95586697	40.87361827	15.80846457	10.01144519	7.785063736	6.282552405	5.114832382	0.365091764	10.82148804	0	2018
